1311868164.363181 0.0724151 0.0290489 -0.0586864 0.0032388 -0.0042199 0.0047486 0.9999745
1311868164.599061 0.0852287 0.0327845 -0.0780489 -0.0038789 -0.0010014 -0.0088109 0.9999532
1311868164.631140 0.0875369 0.0340621 -0.0806458 -0.0016593 -0.0003147 -0.0097089 0.9999514
1311868165.999133 0.3815015 0.0927650 -0.1857027 -0.0072820 -0.0318331 -0.0286320 0.9990565
1311868166.199211 0.3767672 0.1237816 -0.2198829 -0.0233344 -0.0192308 -0.0226216 0.9992867
1311868166.331189 0.3789628 0.1487590 -0.2412172 -0.0392809 -0.0099617 -0.0145771 0.9990722
1311868166.463018 0.3869992 0.1651158 -0.2565307 -0.0501250 -0.0053320 -0.0193454 0.9985414
1311868166.999289 0.4934607 0.1766377 -0.2912940 -0.0354382 -0.0219702 -0.0275431 0.9987506
1311868167.231267 0.5774062 0.1717393 -0.2921692 -0.0322727 -0.0553265 -0.0467544 0.9968508
1311868167.731241 0.6967295 0.1672685 -0.2893361 -0.0328315 -0.0878597 -0.0609117 0.9937266
1311868168.963348 0.7281973 0.0420777 -0.1195477 -0.0180086 -0.1212735 -0.0687608 0.9900709
1311868169.431440 0.7672671 -0.0479662 -0.0386558 0.0150204 -0.1979793 -0.1105417 0.9738373
1311868170.299432 0.9025413 -0.1512040 0.0189769 0.0459527 -0.2612996 -0.1131813 0.9574972
1311868171.463459 1.1210020 -0.1042824 -0.0318316 0.0278077 -0.2957367 -0.1522313 0.9426517
1311868171.831419 1.2185578 -0.0996943 0.0054252 0.0194474 -0.3147588 -0.1794256 0.9318557
1311868172.131546 1.2837641 -0.0894596 0.0471115 -0.0003307 -0.3214616 -0.1884750 0.9279760
1311868172.399483 1.3320848 -0.0813492 0.0798200 -0.0180813 -0.3209823 -0.1993082 0.9256996
1311868172.663612 1.3675745 -0.0699792 0.1251928 -0.0389870 -0.3086299 -0.2092393 0.9270634
1311868173.331533 1.3929485 -0.1139364 0.2810936 -0.0701313 -0.2973567 -0.2249963 0.9252228
1311868173.799549 1.4168541 -0.1671773 0.3645545 -0.0696673 -0.3244443 -0.2241760 0.9163119
1311868174.131747 1.4603502 -0.2237489 0.4188012 -0.0447003 -0.3742594 -0.2569994 0.8898782
1311868174.467566 1.5093211 -0.2656488 0.4772083 -0.0346331 -0.3996122 -0.2690165 0.8756374
1311868174.731625 1.5195292 -0.2915092 0.5172470 -0.0335733 -0.4197432 -0.2625055 0.8682047
1311868174.999803 1.5037024 -0.3351101 0.5426524 -0.0116994 -0.4236709 -0.2521481 0.8699353
1311868175.231818 1.4666065 -0.3927249 0.5604194 0.0270744 -0.4280712 -0.2521869 0.8674237
1311868175.467702 1.4469974 -0.4237862 0.5961348 0.0470931 -0.4496605 -0.2170567 0.8651440
1311868175.699784 1.4346058 -0.4531704 0.6375031 0.0643787 -0.4651809 -0.2002916 0.8598520
1311868175.931644 1.4443164 -0.4855309 0.6815851 0.0772553 -0.4880755 -0.1993283 0.8462164
1311868176.199892 1.4799721 -0.5251390 0.7444402 0.0834286 -0.5220822 -0.2269432 0.8179038
1311868176.731819 1.5442424 -0.5626256 0.8906151 0.0427917 -0.5409815 -0.2545238 0.8004533
1311868177.099730 1.5409062 -0.5874397 0.9532582 0.0376521 -0.5403743 -0.2620860 0.7986794
1311868177.467848 1.5016085 -0.6264658 1.0270625 0.0449213 -0.5328383 -0.2741411 0.7993198
1311868177.832005 1.4919002 -0.6325610 1.1036882 0.0206058 -0.5412437 -0.2873324 0.7899815
1311868178.131987 1.5202038 -0.6522198 1.1720655 0.0160564 -0.5798080 -0.3174533 0.7501922
1311868178.432167 1.5629830 -0.6679908 1.2341793 0.0169842 -0.5973293 -0.3335798 0.7291322
1311868178.731905 1.6130993 -0.6656438 1.2569554 0.0011928 -0.6150520 -0.3322251 0.7150777
1311868179.268108 1.7797300 -0.6531790 1.2426057 -0.0051274 -0.6096671 -0.3375513 0.7171742
1311868179.600201 1.8730842 -0.6491498 1.2555382 -0.0288791 -0.5934027 -0.3436623 0.7272794
1311868179.932050 1.9456857 -0.6654308 1.2939682 -0.0330113 -0.5910287 -0.3525972 0.7247555
1311868180.331912 2.0220070 -0.6970974 1.3700808 -0.0476201 -0.6131687 -0.3631884 0.6998933
1311868180.632105 2.0620689 -0.7044277 1.4192127 -0.0593806 -0.6235346 -0.3729601 0.6845285
1311868181.232080 2.0769503 -0.7432801 1.4871160 -0.0566649 -0.6147119 -0.3632908 0.6978096
1311868181.832157 1.9701574 -0.7659222 1.5298033 -0.0580538 -0.6060335 -0.3665417 0.7035626
1311868182.268066 1.8371040 -0.7932280 1.5505929 -0.0514931 -0.6040869 -0.3599551 0.7091261
1311868182.600295 1.7373528 -0.8257762 1.5789782 -0.0456306 -0.6101899 -0.3514208 0.7085829
1311868182.936274 1.6265322 -0.8764445 1.6276224 -0.0198868 -0.6551426 -0.3489288 0.6698070
1311868183.268380 1.5012046 -0.9488401 1.6752909 0.0120170 -0.6891699 -0.3735423 0.6207790
1311868183.568369 1.4139731 -0.9833071 1.6882505 -0.0068526 -0.7216687 -0.3809946 0.5779190
1311868183.968498 1.2831392 -1.0231522 1.7023263 -0.0237450 -0.7255467 -0.3847154 0.5700985
1311868184.268504 1.1944549 -1.0513583 1.7070613 -0.0087627 -0.7260544 -0.3629501 0.5839823
1311868184.600381 1.1055710 -1.0672836 1.7289846 -0.0064234 -0.7390339 -0.3573540 0.5710391
1311868184.868735 1.0223069 -1.1099298 1.7560775 0.0072687 -0.7694223 -0.3567829 0.5297570
1311868185.136538 0.9519821 -1.1388929 1.7779821 0.0229420 -0.7843938 -0.3653674 0.5007061
1311868185.401199 0.8844000 -1.1589055 1.7945993 -0.0265541 0.7966828 0.3501894 -0.4918930
1311868185.636409 0.8381528 -1.1656022 1.8022753 0.0481314 -0.7942693 -0.3360876 0.5038500
1311868185.800441 0.8081617 -1.1699200 1.8084395 0.0492983 -0.7969314 -0.3178542 0.5113109
1311868185.868447 0.8003263 -1.1673443 1.8126732 0.0427081 -0.7996349 -0.3148572 0.5095341
1311868185.968391 0.7821004 -1.1672440 1.8202703 0.0387957 -0.8034886 -0.3202496 0.5003411
1311868186.168524 0.7484558 -1.1687355 1.8429868 -0.0384838 0.8134235 0.3337448 -0.4748428
1311868186.368410 0.7248223 -1.1717618 1.8730628 -0.0300124 0.8308668 0.3525133 -0.4295276
1311868186.702517 0.7164520 -1.1796007 1.9239717 -0.0132125 0.8417848 0.3699071 -0.3929280
1311868187.136587 0.7886349 -1.1929361 1.9748213 -0.0020004 0.8388142 0.3806373 -0.3892325
1311868187.400493 0.8401337 -1.2009454 2.0134490 0.0020220 0.8245818 0.4046944 -0.3953267
1311868187.736522 0.8718996 -1.2198904 2.0709944 0.0045336 0.8154231 0.4091382 -0.4094759
1311868188.136705 0.8592045 -1.2465860 2.1796327 0.0059092 0.8312136 0.4181133 -0.3663746
1311868188.437067 0.8326447 -1.2367400 2.2842910 0.0056962 0.8258606 0.4534168 -0.3351643
1311868188.800670 0.8803838 -1.2479408 2.3537128 0.0350704 0.8248422 0.4664786 -0.3174953
1311868189.100649 0.9584493 -1.2593591 2.4091744 0.0671685 0.8123661 0.4837423 -0.3186585
1311868189.536633 1.0631373 -1.2817714 2.4814472 0.0573534 0.7907987 0.5078577 -0.3367915
1311868190.236836 1.0634670 -1.3544673 2.6519580 0.0626409 0.7852084 0.5098724 -0.3457658
1311868191.505579 1.0169821 -1.4341223 2.8128791 0.0595514 0.7878839 0.5009969 -0.3531215
1311868192.870604 0.8689723 -1.4268386 2.7043142 0.0494561 0.7876354 0.4919853 -0.3676072
1311868193.640297 0.7884220 -1.4733171 2.6376419 0.0333336 0.8137802 0.4993131 -0.2955282
1311868195.238370 0.6913577 -1.5943730 2.6145413 0.0197943 0.8416517 0.4566402 -0.2875940
1311868195.837123 0.6637639 -1.6146669 2.7342327 0.0117922 0.8272982 0.4695846 -0.3081053
1311868196.468966 0.7390250 -1.6202722 2.8357277 0.0427732 0.8010700 0.4776543 -0.3581949
1311868197.136991 0.7498300 -1.6493440 2.9661322 0.0604473 0.7843878 0.4874638 -0.3787624
1311868197.805395 0.6744186 -1.6774410 3.1165066 0.0592701 0.7835512 0.5270334 -0.3236824
1311868199.169310 0.4817501 -1.6592685 3.1643152 0.0646957 0.7784348 0.5459664 -0.3029430
1311868200.305197 0.2965870 -1.6842694 3.2118344 0.0562939 0.8038295 0.5592607 -0.1947220
1311868202.073300 0.0883541 -1.7053375 3.3019652 0.0517174 0.8040339 0.5741745 -0.1455281
1311868203.173538 -0.0671944 -1.7183131 3.2914982 0.0407850 0.8168137 0.5669987 -0.0983075
1311868203.937698 -0.1412514 -1.7964199 3.1528001 0.0255642 0.8250285 0.5644296 -0.0096738
1311868204.837551 -0.2873626 -1.8998715 3.0267873 0.0128846 0.8247973 0.5641432 0.0358577
1311868205.237795 -0.3412192 -1.9538243 2.9783802 0.0122812 0.8326111 0.5526450 0.0345179
1311868206.005629 -0.3706653 -2.0120294 2.9259028 0.0168679 0.8671377 0.4969757 0.0283363
1311868207.505671 -0.4943676 -1.9098091 2.9853799 -0.0009441 0.8571108 0.5097787 0.0740669
1311868207.937792 -0.5664929 -1.8657730 3.0341334 -0.0084810 0.8508669 0.5210465 0.0668142
1311868208.537898 -0.6393421 -1.8210971 3.1211052 -0.0153669 0.8392352 0.5392814 0.0679981
1311868209.341866 -0.7156757 -1.7113951 3.1723466 -0.0064913 0.8136337 0.5778679 0.0634572
1311868211.473939 -0.9185442 -1.5606840 3.1109807 -0.0122314 0.8072476 0.5739947 0.1368638
1311868212.773943 -1.1495185 -1.5499346 3.1032279 -0.0170726 0.8060256 0.5776936 0.1276772
1311868214.074100 -1.2471440 -1.4947388 2.9564543 -0.0205722 0.8125488 0.5554078 0.1756798
1311868215.006391 -1.3216830 -1.4696183 2.8699799 -0.0195388 0.8022026 0.5353175 0.2636750
1311868215.842289 -1.3369504 -1.5034448 2.7470114 -0.0388590 0.7943956 0.5074409 0.3315561
1311868216.442339 -1.3311765 -1.5499613 2.6534579 -0.0233441 0.7919730 0.5014402 0.3475508
1311868216.874405 -1.3514203 -1.5792520 2.5858908 -0.0079148 0.7992518 0.4896794 0.3483504
1311868217.307288 -1.3576415 -1.6082301 2.5422902 -0.0102216 0.8114170 0.4782979 0.3357515
1311868219.010718 -1.4041271 -1.5050509 2.5690799 -0.0091077 0.8123311 0.4582642 0.3605954
1311868219.310567 -1.4408890 -1.4393761 2.5909305 -0.0011484 0.8113911 0.4575657 0.3636987
1311868219.543330 -1.4631345 -1.3818150 2.6118057 0.0077399 0.7951783 0.4724320 0.3800521
1311868219.874478 -1.4805577 -1.3248608 2.6438050 0.0208068 0.7822875 0.4787404 0.3979962
1311868220.074683 -1.4902664 -1.2993312 2.6710811 0.0287203 0.7739803 0.4830035 0.4084571
1311868220.442609 -1.5074236 -1.2523129 2.7152815 0.0157778 0.7569777 0.4962696 0.4247968
1311868220.910650 -1.5559908 -1.2070751 2.7499909 0.0022833 0.7355264 0.5206095 0.4335453
1311868222.610667 -1.6640018 -1.1620709 2.6993377 -0.0038961 0.7351248 0.5230173 0.4313112
1311868223.642738 -1.7097601 -1.1140420 2.5955076 -0.0092366 0.7153569 0.5152764 0.4718786
1311868224.474953 -1.7846220 -1.0783885 2.5204499 0.0053161 0.7053947 0.5040604 0.4983103
1311868224.812285 -1.8389692 -1.0535109 2.4715714 -0.0035239 0.7010174 0.4978196 0.5106250
1311868225.443381 -1.9135046 -1.0221170 2.4058931 -0.0087724 0.6950494 0.4879099 0.5279898
1311868226.576612 -1.9922866 -0.9701058 2.3056214 -0.0039734 0.6863885 0.4871413 0.5399522
1311868227.110902 -1.9913714 -0.9316809 2.1737041 -0.0044009 0.6823699 0.4757831 0.5549616
1311868227.711001 -1.9785972 -0.8886479 2.0566425 0.0112131 0.6642371 0.4623467 0.5872809
1311868228.214746 -2.0048199 -0.8524493 1.9747623 0.0037052 0.6275331 0.4360672 0.6450069
1311868228.679035 -2.0574741 -0.8183056 1.8890996 -0.0080469 0.6130443 0.4187698 0.6698834
1311868229.080635 -2.0889664 -0.7856064 1.8235341 -0.0069439 0.6090124 0.4182104 0.6739108
1311868229.381047 -2.0654683 -0.7947641 1.7774342 -0.0090018 0.6072878 0.4286707 0.6688512
1311868229.613429 -2.0216179 -0.7987293 1.7434996 -0.0154740 0.6011303 0.4349030 0.6702703
1311868229.782489 -1.9814851 -0.8117458 1.7138491 -0.0185080 0.5983378 0.4367276 0.6715046
1311868229.944417 -1.9397531 -0.8260702 1.6861241 -0.0129931 0.5968443 0.4396467 0.6710581
1311868230.147393 -1.8974586 -0.8442665 1.6588724 -0.0165618 0.5981285 0.4427800 0.6677679
1311868230.343265 -1.8488473 -0.8659144 1.6178584 -0.0175145 0.6050310 0.4425169 0.6616718
1311868230.512705 -1.8172846 -0.8719456 1.5909696 -0.0099555 0.5880350 0.4678779 0.6597015
1311868230.682847 -1.7826014 -0.8724915 1.5533104 0.0001122 0.6009902 0.4688555 0.6472907
1311868230.884514 -1.7596273 -0.8813875 1.5218227 0.0001495 0.6066008 0.4533804 0.6530557
1311868231.043362 -1.7310306 -0.8854982 1.4887727 -0.0151092 0.6093920 0.4425969 0.6576633
1311868231.180564 -1.7183595 -0.8940218 1.4664359 -0.0265539 0.6129026 0.4327217 0.6606036
1311868231.380706 -1.6835920 -0.9029117 1.4363812 -0.0621883 0.6011251 0.4409562 0.6635803
1311868231.582970 -1.6457244 -0.9160590 1.4149610 -0.0690152 0.5988675 0.4435399 0.6632247
1311868231.811225 -1.6013062 -0.9467232 1.4019632 -0.0784402 0.6029001 0.4408158 0.6603332
1311868232.011255 -1.5647594 -0.9770215 1.3943096 -0.0837168 0.5965294 0.4448385 0.6627691
1311868232.211380 -1.5322717 -1.0053198 1.3917809 -0.0907993 0.5920126 0.4428114 0.6672291
1311868232.482622 -1.4837172 -1.0374116 1.3843691 -0.0890160 0.5963771 0.4516933 0.6575589
1311868232.711301 -1.4540286 -1.0709620 1.3846735 -0.0834666 0.6031702 0.4533489 0.6509177
1311868232.979469 -1.4396552 -1.0928879 1.3922054 -0.0760531 0.6091006 0.4385141 0.6564433
1311868233.743366 -1.4941397 -1.0461378 1.3773887 -0.0543410 0.5940848 0.4170435 0.6857004
1311868234.043413 -1.5448871 -0.9957924 1.3362496 -0.0514235 0.5866317 0.4155166 0.6932278
1311868234.343505 -1.6095642 -0.9661781 1.2971076 -0.0503525 0.5871062 0.3834715 0.7111403
1311868234.579412 -1.6655679 -0.9344556 1.2743881 -0.0520418 0.5830686 0.3691096 0.7218592
1311868234.811711 -1.7138976 -0.8959261 1.2514946 -0.0536138 0.5802600 0.3685006 0.7243143
1311868235.043680 -1.7621342 -0.8579065 1.2289524 -0.0550021 0.5749406 0.3683206 0.7285314
1311868235.311695 -1.8031063 -0.8086181 1.2043782 -0.0525303 0.5705633 0.3775317 0.7274392
1311868235.579657 -1.8273555 -0.7615247 1.1762724 -0.0445900 0.5767478 0.3758730 0.7239428
1311868235.843663 -1.8408066 -0.7137436 1.1615739 -0.0429477 0.5854515 0.3686400 0.7207680
1311868236.111800 -1.8382456 -0.6680372 1.1372197 -0.0351307 0.5704484 0.3686609 0.7331054
1311868236.379539 -1.8336637 -0.6189483 1.1110251 -0.0392511 0.5539244 0.3643780 0.7475666
1311868236.647654 -1.8251368 -0.5759656 1.0899932 -0.0306120 0.5439128 0.3620847 0.7563838
1311868236.911822 -1.8310573 -0.5369150 1.0771456 -0.0184257 0.5329277 0.3534078 0.7686036
1311868237.179506 -1.8354293 -0.4897843 1.0556717 -0.0046778 0.5178586 0.3593065 0.7763372
1311868237.447678 -1.8438206 -0.4418189 1.0101206 -0.0011026 0.5047011 0.3484763 0.7898353
1311868237.711933 -1.8527641 -0.3953243 0.9451097 -0.0208146 0.4919342 0.3217206 0.8087418
1311868237.979641 -1.8696175 -0.3483041 0.8839857 -0.0182263 0.4685183 0.3188585 0.8237036
1311868238.279669 -1.8776407 -0.2968129 0.8350067 -0.0215999 0.4523279 0.3219691 0.8314257
1311868238.547647 -1.8677326 -0.2705171 0.8007870 -0.0171707 0.4487795 0.3219338 0.8334631
1311868238.811727 -1.8415037 -0.2386986 0.7713012 -0.0290758 0.4508254 0.3300553 0.8288392
1311868239.079767 -1.8070021 -0.2094281 0.7443954 -0.0273242 0.4435125 0.3311613 0.8323955
1311868239.311701 -1.7866678 -0.1889293 0.7226951 -0.0215275 0.4253638 0.3205043 0.8460965
1311868239.579832 -1.7583361 -0.1643463 0.7080523 -0.0231605 0.4050719 0.3188498 0.8565717
1311868239.811866 -1.7467740 -0.1401256 0.6958120 -0.0321262 0.3886551 0.3054239 0.8686952
1311868240.111831 -1.7362810 -0.1023972 0.6403623 -0.0362414 0.3620981 0.2920884 0.8844523
1311868240.412142 -1.7272869 -0.0554413 0.5629453 -0.0481511 0.3503323 0.2728912 0.8946950
1311868240.980015 -1.7337089 -0.0054831 0.4894380 -0.0695012 0.3397917 0.2809097 0.8948748
1311868241.512153 -1.6361904 -0.0979770 0.4541616 -0.0667327 0.3406394 0.2890848 0.8921555
1311868241.847976 -1.5703530 -0.1458118 0.4286895 -0.0616569 0.3309072 0.2840128 0.8977948
1311868242.147934 -1.5229665 -0.1747507 0.3881600 -0.0631627 0.3091332 0.2530135 0.9145662
1311868242.511969 -1.4849222 -0.1792939 0.3404745 -0.0576308 0.2792820 0.2245050 0.9318143
1311868243.012214 -1.4480538 -0.1551275 0.3137555 -0.0394499 0.2820394 0.2184496 0.9333687
1311868243.480135 -1.4059778 -0.1297758 0.2734039 -0.0311287 0.2737298 0.2058817 0.9389971
1311868243.880069 -1.3553113 -0.0780188 0.1906089 -0.0555481 0.2316968 0.1776033 0.9548236
1311868244.312192 -1.3234218 -0.0073533 0.1146035 -0.0506801 0.1796683 0.1447832 0.9716937
1311868244.712115 -1.2878921 0.0681850 0.0828278 -0.0557330 0.1742424 0.1414496 0.9728954
1311868245.048320 -1.2392389 0.1113466 0.0729388 -0.0722068 0.1938573 0.1494923 0.9668803
1311868245.380074 -1.1702019 0.1360799 0.0666190 -0.0582311 0.1826438 0.1409710 0.9712763
1311868245.816257 -1.0827073 0.1864613 0.0347509 -0.0481106 0.1575141 0.1598249 0.9733092
1311868246.216086 -1.0242730 0.2445826 -0.0200102 -0.0749236 0.1254459 0.1399155 0.9793230
1311868246.680335 -0.9980866 0.3158485 -0.1095413 -0.0910245 0.1266195 0.1382402 0.9780449
1311868247.680389 -0.8708875 0.2833579 -0.1336790 -0.0891404 0.1366037 0.1454642 0.9758246
1311868248.016215 -0.7991680 0.2350907 -0.0955764 -0.0851351 0.1373196 0.1344371 0.9776615
1311868248.348315 -0.7241331 0.1922737 -0.0681698 -0.0876058 0.1126265 0.1289802 0.9813280
1311868248.716495 -0.6239290 0.1512103 -0.0413664 -0.1029565 0.0884514 0.0929397 0.9863765
1311868249.116343 -0.5092111 0.0980104 -0.0266381 -0.1229983 0.0782212 0.0841885 0.9857308
1311868249.548294 -0.4427745 0.0520320 0.0091180 -0.1117724 0.0853923 0.0793875 0.9868702
1311868249.980348 -0.3988642 -0.0292694 0.0759715 -0.1047046 0.0930555 0.0826497 0.9866847
1311868250.380598 -0.3802835 -0.1127479 0.1350071 -0.0928344 0.0906178 0.0832652 0.9880471
1311868250.780601 -0.3706866 -0.1824795 0.1714888 -0.0843187 0.0810058 0.0819222 0.9897561
1311868251.916574 -0.2743954 -0.1140834 0.1056043 -0.0755843 0.0680344 0.0524399 0.9934326
1311868252.616626 -0.0983588 -0.0249569 -0.0106082 -0.0817640 0.0338542 0.0137302 0.9959819
1311868253.248725 0.0373267 0.0431846 -0.0459796 -0.1011455 0.0337112 0.0278020 0.9939116
1311868254.248926 0.2654888 0.0744228 -0.0133697 -0.1027733 0.0020449 0.0175680 0.9945475
1311868254.648657 0.3739174 0.0973547 -0.0333032 -0.1250568 -0.0491828 -0.0197356 0.9907333
1311868255.049320 0.4693731 0.1330726 -0.0541813 -0.1405311 -0.0733428 -0.0262157 0.9870079
1311868255.916866 0.6042416 0.1438405 -0.0472100 -0.1414393 -0.0870826 -0.0293834 0.9856714
1311868256.517192 0.7397040 0.0825150 0.0220325 -0.1295054 -0.1068720 -0.0520099 0.9844297
1311868257.248914 0.8812070 -0.0007093 0.0885843 -0.1150716 -0.1584588 -0.0918896 0.9763225
1311868257.985217 0.9922154 -0.1143441 0.1385853 -0.1152303 -0.2133910 -0.1543084 0.9577971
1311868258.449148 0.9912489 -0.2120036 0.2171575 -0.1398417 -0.2429742 -0.1822001 0.9424495
1311868259.017026 0.9835454 -0.3412198 0.3121321 -0.1188371 -0.2645319 -0.1777264 0.9403797
1311868259.849187 1.0679721 -0.4390405 0.4586521 -0.0819186 -0.3045750 -0.2281018 0.9211368
