0.000000 -0.000000 -0.000000 -0.000000 0.000000 0.000000 0.000000 1.000000
0.005000 -0.001611 0.000114 0.001134 -0.000059 0.000007 -0.000474 1.000000
0.010000 -0.000757 0.000134 -0.000448 -0.000034 -0.000234 -0.000251 1.000000
0.015000 -0.002731 -0.000321 -0.000118 -0.000350 -0.000600 -0.000099 1.000000
0.020000 -0.002818 0.000043 -0.001067 -0.000294 -0.000794 -0.000603 0.999999
0.025000 -0.003438 -0.000318 -0.000659 -0.000808 -0.001493 -0.000526 0.999998
0.030000 -0.002180 -0.001603 -0.003442 -0.001471 -0.002510 -0.000071 0.999996
0.035000 -0.002582 -0.001282 -0.003418 -0.001486 -0.003411 0.000227 0.999993
0.040000 -0.003001 -0.001556 -0.003809 -0.001887 -0.004192 0.000844 0.999989
0.045000 -0.002998 -0.000967 -0.003047 -0.002241 -0.004756 0.001036 0.999986
0.050000 -0.003390 -0.001128 -0.001810 -0.001998 -0.004594 0.001824 0.999986
0.055000 -0.004312 -0.000560 -0.003517 -0.001781 -0.003824 0.001607 0.999990
0.060000 -0.004867 -0.000652 -0.003097 -0.001531 -0.002963 0.001325 0.999994
0.065000 -0.008547 -0.000931 0.001690 -0.001627 -0.000940 0.001389 0.999997
0.070000 -0.005395 -0.001205 -0.003312 -0.002473 0.000299 0.001497 0.999996
0.075000 -0.010261 -0.001874 0.000216 -0.003129 0.001447 0.001332 0.999993
0.080000 -0.011895 -0.001868 0.003201 -0.003474 0.002017 0.001960 0.999990
0.085000 -0.013207 -0.001503 0.003404 -0.004241 0.002535 0.002465 0.999985
0.090000 -0.015347 -0.001821 0.002534 -0.005365 0.003053 0.002686 0.999977
0.095000 -0.015903 -0.001809 0.001730 -0.005439 0.003043 0.002782 0.999977
0.100000 -0.024545 -0.002466 0.003542 -0.006129 0.003112 0.001542 0.999975
0.105000 -0.025932 -0.002169 0.003655 -0.006621 0.003315 0.000089 0.999973
0.110000 -0.034701 -0.005097 -0.000388 -0.006556 0.005165 -0.002919 0.999961
0.115000 -0.035241 -0.005122 -0.001994 -0.005898 0.006948 -0.006921 0.999935
0.120000 -0.037769 -0.004890 0.000161 -0.004772 0.008079 -0.006788 0.999933
0.125000 -0.044719 -0.003207 0.009919 -0.004074 0.009673 -0.005449 0.999930
0.130000 -0.046471 -0.002799 0.012327 -0.003701 0.010131 -0.003694 0.999935
0.135000 -0.051902 -0.000046 0.020108 -0.003811 0.010909 -0.001347 0.999932
0.140000 -0.052966 0.000134 0.027437 -0.003504 0.012315 0.003065 0.999913
0.145000 -0.051344 0.001884 0.040848 -0.002906 0.014325 0.007350 0.999866
0.150000 -0.051959 0.002069 0.050698 -0.001285 0.018039 0.009636 0.999790
0.155000 -0.052825 0.002236 0.060267 0.000938 0.022487 0.010680 0.999690
0.160000 -0.053205 0.002438 0.075193 0.000017 0.026568 0.009839 0.999599
0.165000 -0.053251 0.003205 0.090145 -0.000507 0.030835 0.011470 0.999459
0.170000 -0.056674 0.016936 0.080816 -0.000965 0.033730 0.013522 0.999339
0.175000 -0.054469 0.017241 0.101161 -0.001698 0.034875 0.014959 0.999278
0.180000 -0.048605 0.018450 0.121932 -0.000816 0.034324 0.016523 0.999274
0.185000 -0.045968 0.025581 0.131823 0.000445 0.033541 0.017295 0.999288
0.190000 -0.036313 0.025224 0.156374 0.001911 0.033994 0.015096 0.999306
0.195000 -0.028159 0.026058 0.182069 0.004854 0.033116 0.010493 0.999385
0.200000 -0.015170 0.023305 0.205881 0.007092 0.032118 0.008034 0.999427
0.205000 -0.001762 0.019361 0.233581 0.009165 0.031920 0.006078 0.999430
0.210000 0.007193 0.015506 0.259374 0.010942 0.032610 0.005987 0.999390
0.215000 0.009905 0.023261 0.253515 0.008846 0.032576 0.005798 0.999413
0.220000 0.019129 0.020709 0.280513 0.008442 0.029159 0.002458 0.999536
0.225000 0.021386 0.016727 0.305683 0.009650 0.024193 0.001445 0.999660
0.230000 0.027235 0.011791 0.331754 0.008367 0.016365 0.002355 0.999828
0.235000 0.030232 0.007196 0.357009 0.003620 0.007995 0.000746 0.999961
0.240000 0.020963 0.009652 0.361145 0.000123 0.001296 -0.001594 0.999998
0.245000 0.021243 0.010242 0.393738 -0.001568 -0.004288 0.001969 0.999988
0.250000 0.023953 0.011025 0.422638 -0.003055 -0.007907 0.003579 0.999958
0.255000 0.027428 0.011442 0.450862 -0.004357 -0.008272 0.005595 0.999941
0.260000 0.029496 0.012658 0.481686 -0.004614 -0.008714 0.005189 0.999938
0.265000 0.012726 0.018218 0.504124 -0.004140 -0.006363 0.004375 0.999962
0.270000 0.014339 0.017736 0.535722 -0.003519 -0.003396 0.002362 0.999985
0.275000 0.016389 0.016825 0.571434 -0.002307 -0.000339 -0.000061 0.999997
0.280000 0.019240 0.016702 0.607395 -0.001675 0.003046 -0.002049 0.999992
0.285000 0.020344 0.016443 0.636716 -0.001201 0.006246 -0.004409 0.999970
0.290000 0.018120 0.006413 0.665456 -0.002401 0.009271 -0.008778 0.999916
0.295000 0.021251 0.001766 0.693962 -0.001854 0.012326 -0.004938 0.999910
0.300000 0.018807 -0.005418 0.725615 0.000723 0.017236 0.003365 0.999846
0.305000 0.017156 -0.012572 0.747022 0.003419 0.023202 0.008976 0.999685
0.310000 0.024517 -0.018584 0.775083 0.005479 0.024918 0.009201 0.999632
0.315000 0.027135 -0.022282 0.796910 0.008561 0.024931 0.009610 0.999606
0.320000 0.026212 -0.025623 0.825649 0.010993 0.024618 0.012113 0.999563
0.325000 0.026953 -0.020966 0.856595 0.012847 0.024623 0.014186 0.999514
0.330000 0.027843 -0.023741 0.869654 0.013582 0.023915 0.017010 0.999477
0.335000 0.030421 -0.020955 0.897156 0.014834 0.023475 0.016734 0.999474
0.340000 0.036021 -0.020559 0.926354 0.014484 0.023136 0.015629 0.999505
0.345000 0.044455 -0.019138 0.957358 0.013046 0.022040 0.014013 0.999574
0.350000 0.040679 -0.019291 0.984652 0.012285 0.019583 0.011316 0.999669
0.355000 0.046400 -0.018476 1.018303 0.012808 0.014780 0.009766 0.999761
0.360000 0.053045 -0.016958 1.052410 0.015046 0.008988 0.009909 0.999797
0.365000 0.058707 -0.016367 1.083265 0.016817 0.002526 0.005211 0.999842
0.370000 0.064043 -0.015136 1.114488 0.017308 -0.007455 0.000984 0.999822
0.375000 0.066647 -0.044293 1.134211 0.017109 -0.019332 0.002049 0.999665
0.380000 0.069491 -0.051218 1.165727 0.018045 -0.033437 0.006008 0.999260
0.385000 0.072087 -0.056886 1.193501 0.015300 -0.046703 0.007093 0.998766
0.390000 0.072866 -0.062385 1.222000 0.010835 -0.056744 0.006373 0.998310
0.395000 0.076536 -0.068403 1.255407 0.006750 -0.064368 0.007069 0.997878
0.400000 0.076583 -0.064912 1.255898 0.004658 -0.070245 0.007959 0.997487
0.405000 0.078114 -0.069340 1.282090 0.001632 -0.076874 0.007039 0.997015
0.410000 0.060005 -0.047433 1.325708 0.000495 -0.081105 0.003929 0.996698
0.415000 0.057093 -0.049499 1.356625 -0.005653 -0.084033 -0.001578 0.996446
0.420000 0.050311 -0.051395 1.391399 -0.008878 -0.083437 -0.007263 0.996447
0.425000 0.043205 -0.054110 1.413539 -0.010731 -0.081471 -0.014090 0.996518
0.430000 0.040542 -0.056015 1.451099 -0.011391 -0.080008 -0.017174 0.996581
0.435000 0.025953 -0.064873 1.491397 -0.011005 -0.077049 -0.013914 0.996869
0.440000 0.025908 -0.077295 1.524996 -0.009686 -0.073406 -0.014556 0.997149
0.445000 0.025241 -0.073251 1.562041 -0.005603 -0.071086 -0.012541 0.997376
0.450000 0.016713 -0.079894 1.580782 -0.001717 -0.070580 -0.006849 0.997481
0.455000 0.016478 -0.086434 1.610423 0.005878 -0.073929 -0.001070 0.997246
0.460000 0.010440 -0.089802 1.642272 0.007176 -0.079234 -0.004087 0.996822
0.465000 0.003490 -0.092483 1.675558 0.011219 -0.087069 -0.004071 0.996131
0.470000 -0.000123 -0.097279 1.706279 0.014787 -0.095171 -0.001281 0.995350
0.475000 -0.000455 -0.093907 1.728400 0.015117 -0.102901 0.000860 0.994576
0.480000 0.000611 -0.095259 1.757583 0.014104 -0.110908 -0.000525 0.993730
0.485000 -0.010477 -0.092968 1.800293 0.013291 -0.120567 -0.004182 0.992607
0.490000 -0.013555 -0.093546 1.835833 0.012191 -0.131602 -0.008184 0.991194
0.495000 -0.019744 -0.094917 1.873979 0.011491 -0.144421 -0.011297 0.989385
0.500000 -0.018161 -0.101918 1.914043 0.009827 -0.160190 -0.010836 0.986978
0.505000 -0.023179 -0.101789 1.938287 0.008900 -0.182076 -0.006839 0.983220
0.510000 -0.034614 -0.109804 1.974971 0.008420 -0.208409 -0.007549 0.977976
0.515000 -0.041314 -0.119410 2.009698 0.009067 -0.237181 -0.008078 0.971390
0.520000 -0.051755 -0.125955 2.044607 0.012131 -0.265804 -0.004510 0.963940
0.525000 -0.061998 -0.124260 2.076276 0.011279 -0.293702 0.000224 0.955831
0.530000 -0.084084 -0.131560 2.105018 0.006572 -0.315261 0.000172 0.948982
0.535000 -0.098967 -0.131179 2.129289 0.003299 -0.333083 0.000344 0.942892
0.540000 -0.117964 -0.132833 2.157613 0.002012 -0.348284 0.000064 0.937387
0.545000 -0.134850 -0.132935 2.185843 0.001030 -0.362171 -0.000517 0.932111
0.550000 -0.152282 -0.129787 2.211487 -0.001487 -0.374975 -0.005262 0.927019
0.555000 -0.181822 -0.134815 2.237625 -0.006557 -0.384744 -0.011944 0.922923
0.560000 -0.197025 -0.136304 2.268418 -0.008448 -0.392470 -0.017476 0.919560
0.565000 -0.224576 -0.136940 2.293436 -0.008424 -0.395649 -0.022979 0.918076
0.570000 -0.254928 -0.138549 2.317190 -0.011142 -0.397776 -0.024884 0.917077
0.575000 -0.277635 -0.152884 2.344850 -0.015021 -0.402215 -0.026932 0.915026
0.580000 -0.305423 -0.154967 2.367203 -0.013481 -0.407898 -0.029613 0.912448
0.585000 -0.330742 -0.161001 2.392168 -0.010523 -0.416879 -0.024046 0.908583
0.590000 -0.350861 -0.166914 2.416266 -0.006338 -0.428775 -0.016935 0.903230
0.595000 -0.369172 -0.177890 2.444359 -0.000953 -0.443272 -0.013345 0.896287
0.600000 -0.398276 -0.180169 2.462189 0.005607 -0.457302 -0.011673 0.889217
0.605000 -0.426550 -0.181017 2.483178 0.009446 -0.474164 -0.009281 0.880337
0.610000 -0.453916 -0.180312 2.505750 0.011019 -0.489623 -0.004900 0.871851
0.615000 -0.486382 -0.174035 2.529072 0.012003 -0.502873 -0.002370 0.864274
0.620000 -0.518137 -0.175799 2.549376 0.011612 -0.513094 -0.005880 0.858234
0.625000 -0.550522 -0.172558 2.570325 0.014744 -0.522461 -0.009079 0.852487
0.630000 -0.583635 -0.171011 2.592977 0.017829 -0.533992 -0.011858 0.845219
0.635000 -0.615155 -0.174432 2.614163 0.020132 -0.547885 -0.012652 0.836216
0.640000 -0.647674 -0.181997 2.636010 0.022995 -0.565028 -0.012299 0.824659
0.645000 -0.680486 -0.194230 2.657571 0.030978 -0.582584 -0.013503 0.812068
0.650000 -0.713859 -0.199795 2.675102 0.040099 -0.600007 -0.013739 0.798871
0.655000 -0.748080 -0.207820 2.689343 0.042641 -0.616737 -0.008844 0.785964
0.660000 -0.784571 -0.212812 2.697447 0.040936 -0.631938 -0.008907 0.773886
0.665000 -0.819815 -0.222951 2.701353 0.033762 -0.645976 -0.017499 0.762410
0.670000 -0.856830 -0.223673 2.706757 0.024427 -0.657187 -0.023336 0.752970
0.675000 -0.897739 -0.222002 2.712850 0.012830 -0.665433 -0.022796 0.745999
0.680000 -0.935370 -0.221369 2.718498 0.002760 -0.673122 -0.022425 0.739186
0.685000 -0.974218 -0.217820 2.722587 -0.000765 -0.677856 -0.026323 0.734723
0.690000 -1.011133 -0.215235 2.726387 0.000478 -0.681284 -0.032731 0.731287
0.695000 -1.051784 -0.213632 2.730913 0.005239 -0.684186 -0.036078 0.728396
0.700000 -1.092204 -0.217367 2.735576 0.009857 -0.683506 -0.040782 0.728738
0.705000 -1.132186 -0.223624 2.739378 0.012290 -0.683719 -0.041103 0.728483
0.710000 -1.171089 -0.231436 2.744816 0.015135 -0.684113 -0.045505 0.727798
0.715000 -1.209187 -0.238922 2.749690 0.015955 -0.683462 -0.045003 0.728423
0.720000 -1.247668 -0.244292 2.756725 0.013826 -0.684155 -0.037248 0.728253
0.725000 -1.283353 -0.250384 2.763639 0.015435 -0.685586 -0.030424 0.727192
0.730000 -1.319417 -0.254616 2.772102 0.019844 -0.688998 -0.026963 0.723990
0.735000 -1.356533 -0.254809 2.780158 0.024451 -0.692405 -0.022975 0.720729
0.740000 -1.393371 -0.254181 2.786825 0.025768 -0.697613 -0.019197 0.715754
0.745000 -1.433745 -0.252174 2.794069 0.026894 -0.702068 -0.016538 0.711410
0.750000 -1.471803 -0.250113 2.799625 0.028142 -0.705499 -0.016244 0.707965
0.755000 -1.512915 -0.248536 2.806716 0.030003 -0.707721 -0.018398 0.705615
0.760000 -1.553679 -0.248297 2.813109 0.032799 -0.711645 -0.019926 0.701490
0.765000 -1.594420 -0.251663 2.819258 0.033110 -0.717607 -0.024318 0.695236
0.770000 -1.636544 -0.259131 2.824659 0.031426 -0.725502 -0.024969 0.687049
0.775000 -1.678256 -0.267427 2.827908 0.031198 -0.736516 -0.024707 0.675248
0.780000 -1.717081 -0.273374 2.828163 0.035092 -0.750999 -0.029877 0.658693
0.785000 -1.754208 -0.278535 2.823761 0.031331 -0.767758 -0.031339 0.639206
0.790000 -1.793220 -0.285327 2.817904 0.024847 -0.785719 -0.031850 0.617264
0.795000 -1.830949 -0.285688 2.807734 0.018303 -0.801847 -0.037935 0.596043
0.800000 -1.860290 -0.299212 2.793619 0.019757 -0.816045 -0.053370 0.575180
0.805000 -1.894935 -0.297711 2.785489 0.015926 -0.828007 -0.059633 0.557310
0.810000 -1.930034 -0.292672 2.771766 0.013108 -0.838103 -0.063307 0.541668
0.815000 -1.969279 -0.289558 2.751763 0.008702 -0.846398 -0.066027 0.528371
0.820000 -2.006401 -0.285847 2.735958 0.007218 -0.852942 -0.069617 0.517292
0.825000 -2.041224 -0.280053 2.724218 0.009301 -0.857991 -0.073603 0.508280
0.830000 -2.079638 -0.278773 2.705670 0.013007 -0.860395 -0.077661 0.503508
0.835000 -2.113323 -0.280786 2.685790 0.013071 -0.861527 -0.079663 0.501252
0.840000 -2.149347 -0.285282 2.667386 0.011968 -0.860676 -0.082355 0.502306
0.845000 -2.186180 -0.290965 2.649835 0.011832 -0.859847 -0.088435 0.502695
0.850000 -2.218023 -0.294483 2.635741 -0.010372 0.861677 0.086665 -0.499894
0.855000 -2.253369 -0.297890 2.620271 -0.010464 0.866705 0.079708 -0.492300
0.860000 -2.283726 -0.301537 2.605771 -0.016821 0.871963 0.076140 -0.483322
0.865000 -2.313514 -0.302749 2.588652 -0.021969 0.878819 0.074851 -0.470735
0.870000 -2.345861 -0.300882 2.574081 -0.025940 0.885625 0.075080 -0.457557
0.875000 -2.377223 -0.295794 2.552216 -0.027202 0.891747 0.073330 -0.445725
0.880000 -2.411171 -0.292536 2.530979 -0.027849 0.897831 0.071576 -0.433591
0.885000 -2.445908 -0.286736 2.510048 -0.030217 0.902719 0.070771 -0.423292
0.890000 -2.482647 -0.280404 2.491610 -0.032237 0.907780 0.072213 -0.411923
0.895000 -2.515328 -0.281244 2.467800 -0.034503 0.913307 0.075032 -0.398812
0.900000 -2.553365 -0.281079 2.441814 -0.032848 0.919392 0.074532 -0.384818
0.905000 -2.587576 -0.284904 2.414260 -0.028546 0.926540 0.071518 -0.368231
0.910000 -2.616800 -0.288374 2.389009 -0.032478 0.933528 0.075392 -0.348980
0.915000 -2.643206 -0.291366 2.359925 -0.032928 0.941916 0.076814 -0.325285
0.920000 -2.671969 -0.297138 2.326178 -0.028598 0.949350 0.080962 -0.302261
0.925000 -2.691268 -0.297317 2.297045 -0.021255 0.956418 0.088079 -0.277588
0.930000 -2.709169 -0.294304 2.263253 -0.016888 0.962585 0.095003 -0.253219
0.935000 -2.727175 -0.292330 2.230598 -0.011566 0.967139 0.101006 -0.233038
0.940000 -2.743213 -0.283202 2.198220 -0.005037 0.970535 0.103298 -0.217635
0.945000 -2.761730 -0.273076 2.167042 -0.006797 0.973097 0.108712 -0.203024
0.950000 -2.778071 -0.263981 2.129979 -0.007493 0.975089 0.113030 -0.190709
0.955000 -2.792501 -0.256088 2.095691 -0.010880 0.976485 0.115149 -0.181934
0.960000 -2.808607 -0.251472 2.061194 -0.017474 0.977811 0.118809 -0.171655
0.965000 -2.820912 -0.248680 2.020032 -0.021209 0.979296 0.118919 -0.162444
0.970000 -2.833858 -0.248580 1.979917 -0.020804 0.980646 0.118091 -0.154776
0.975000 -2.847779 -0.251346 1.946802 -0.030052 0.981266 0.120888 -0.146970
0.980000 -2.864760 -0.253724 1.907770 -0.026288 0.982297 0.117526 -0.143487
0.985000 -2.884414 -0.254120 1.870892 -0.018194 0.983687 0.110861 -0.140491
0.990000 -2.895415 -0.256237 1.837472 -0.021514 0.983888 0.107798 -0.141001
0.995000 -2.903900 -0.248126 1.801241 -0.030974 0.984414 0.104442 -0.138060
1.000000 -2.918387 -0.241661 1.770658 -0.038109 0.985432 0.100874 -0.131511
1.005000 -2.936212 -0.234424 1.733419 -0.037574 0.986486 0.095862 -0.127454
1.010000 -2.955519 -0.225633 1.695013 -0.033589 0.987233 0.092756 -0.125055
1.015000 -2.970854 -0.215121 1.657057 -0.032430 0.987756 0.091358 -0.122232
1.020000 -2.984895 -0.203855 1.615005 -0.032489 0.988133 0.090799 -0.119557
1.025000 -2.998144 -0.193052 1.577299 -0.033812 0.988785 0.087848 -0.115946
1.030000 -3.017788 -0.194015 1.537803 -0.032538 0.989781 0.085896 -0.109071
1.035000 -3.032642 -0.196000 1.497587 -0.032962 0.990915 0.083358 -0.100260
1.040000 -3.045355 -0.198150 1.457331 -0.038845 0.991633 0.085624 -0.088450
1.045000 -3.056245 -0.200517 1.417411 -0.038258 0.992501 0.088932 -0.074633
1.050000 -3.074024 -0.202202 1.377870 -0.030747 0.993447 0.092544 -0.059605
1.055000 -3.071776 -0.212964 1.344387 -0.025993 0.993661 0.099919 -0.044484
1.060000 -3.079955 -0.210527 1.303109 -0.024972 0.993729 0.104671 -0.030370
1.065000 -3.089080 -0.204003 1.261952 -0.019755 0.993961 0.106793 -0.015704
1.070000 -3.093440 -0.192590 1.220754 -0.014964 0.994375 0.104849 -0.000629
1.075000 -3.094429 -0.182803 1.175049 -0.013208 0.994675 0.101093 0.015112
1.080000 -3.096796 -0.175320 1.135555 -0.010326 0.994524 0.100572 0.026457
1.085000 -3.100841 -0.163982 1.089135 -0.011063 0.994274 0.101587 0.031246
1.090000 -3.098326 -0.165309 1.044893 -0.014323 0.993825 0.105382 0.031633
1.095000 -3.098123 -0.169330 0.998800 -0.012271 0.993704 0.106794 0.031569
1.100000 -3.100421 -0.167842 0.956724 -0.015985 0.993738 0.106454 0.029937
1.105000 -3.102288 -0.164648 0.915794 -0.019459 0.994000 0.104494 0.025832
1.110000 -3.105239 -0.166461 0.878370 -0.018416 0.994431 0.102079 0.018626
1.115000 -3.116479 -0.172437 0.841093 -0.022802 0.995039 0.096100 0.011957
1.120000 -3.113124 -0.173014 0.802462 -0.043108 0.994697 0.093148 0.006643
1.125000 -3.119157 -0.171875 0.771268 -0.047230 0.994338 0.094732 0.009391
1.130000 -3.121175 -0.163347 0.735343 -0.051507 0.994468 0.091094 0.009101
1.135000 -3.126998 -0.153162 0.697466 -0.055076 0.994471 0.089004 0.008491
1.140000 -3.132324 -0.142074 0.650548 -0.056465 0.994580 0.087046 0.006667
1.145000 -3.138565 -0.133080 0.612198 -0.059374 0.994316 0.088179 0.005833
1.150000 -3.150579 -0.120236 0.573496 -0.068507 0.993756 0.088022 0.002705
1.155000 -3.167369 -0.108331 0.536957 -0.068538 0.994076 0.084099 0.006496
1.160000 -3.165946 -0.106830 0.494737 -0.073234 0.993114 0.090188 0.015105
1.165000 -3.159038 -0.120080 0.451019 -0.080195 0.991643 0.096131 0.031176
1.170000 -3.162529 -0.125711 0.415448 -0.072657 0.990800 0.106282 0.041718
1.175000 -3.164607 -0.119028 0.375017 -0.072461 0.989390 0.111651 0.058229
1.180000 -3.167119 -0.107255 0.332863 -0.071610 0.988211 0.112884 0.074627
1.185000 -3.138929 -0.128688 0.294930 -0.068247 0.986525 0.124938 0.080633
1.190000 -3.138901 -0.114639 0.254212 -0.062726 0.985397 0.130074 0.090217
1.195000 -3.133780 -0.104691 0.212608 -0.059663 0.984523 0.132139 0.098461
1.200000 -3.127221 -0.096311 0.173944 -0.053728 0.983896 0.134648 0.104559
1.205000 -3.122182 -0.086057 0.132793 -0.056220 0.982585 0.133194 0.116730
1.210000 -3.116221 -0.078111 0.092859 -0.062671 0.981104 0.131898 0.126930
1.215000 -3.109604 -0.073889 0.051811 -0.071494 0.979040 0.131794 0.137836
1.220000 -3.100973 -0.071557 0.010835 -0.075412 0.979365 0.128782 0.136284
1.225000 -3.089328 -0.070230 -0.032068 -0.081773 0.979998 0.118766 0.137158
1.230000 -3.083967 -0.070278 -0.072053 -0.088366 0.980335 0.123207 0.126314
1.235000 -3.075576 -0.062546 -0.111284 -0.089925 0.981283 0.122892 0.117880
1.240000 -3.070105 -0.063504 -0.154667 -0.083765 0.983209 0.118184 0.110973
1.245000 -3.069079 -0.064779 -0.193972 -0.076394 0.985220 0.109705 0.107102
1.250000 -3.063835 -0.061882 -0.230268 -0.074976 0.986319 0.099847 0.107629
1.255000 -3.057094 -0.056204 -0.265389 -0.080431 0.986820 0.092030 0.106055
1.260000 -3.039481 -0.040221 -0.298672 -0.082323 0.987851 0.083745 0.101781
1.265000 -3.038346 -0.033320 -0.338541 -0.084746 0.987762 0.081381 0.102571
1.270000 -3.048378 -0.031675 -0.383204 -0.084039 0.987181 0.082724 0.107553
1.275000 -3.043695 -0.021772 -0.427640 -0.083626 0.986765 0.082977 0.111429
1.280000 -3.029986 -0.016900 -0.468920 -0.084367 0.985438 0.087144 0.119162
1.285000 -3.022446 -0.010944 -0.512713 -0.094231 0.983063 0.088582 0.129846
1.290000 -3.009996 -0.013894 -0.555864 -0.075238 0.979288 0.100381 0.158928
1.295000 -2.990685 -0.006663 -0.591687 -0.085038 0.974634 0.098614 0.182023
1.300000 -2.983549 -0.012252 -0.631775 -0.089982 0.968143 0.099170 0.211584
1.305000 -2.961298 -0.008679 -0.667417 -0.083812 0.963232 0.095152 0.236867
1.310000 -2.934408 -0.004497 -0.701370 -0.068019 0.957409 0.097647 0.263071
1.315000 -2.913498 0.000198 -0.736588 -0.062059 0.948906 0.103600 0.291536
1.320000 -2.885908 0.009971 -0.767184 -0.059249 0.941263 0.108192 0.314336
1.325000 -2.867295 0.016019 -0.802113 -0.054558 0.932500 0.114574 0.338141
1.330000 -2.856744 0.019187 -0.835781 -0.050918 0.924106 0.113440 0.361340
1.335000 -2.833191 0.030483 -0.867622 -0.050349 0.916389 0.113801 0.380454
1.340000 -2.809179 0.041472 -0.894808 -0.053505 0.913073 0.107877 0.389613
1.345000 -2.783146 0.049222 -0.927474 -0.056818 0.910905 0.099800 0.396312
1.350000 -2.756149 0.051671 -0.956803 -0.059039 0.907348 0.094206 0.405412
1.355000 -2.728095 0.052866 -0.988186 -0.063334 0.900179 0.089228 0.421550
1.360000 -2.700361 0.051803 -1.014688 -0.071552 0.891864 0.094675 0.436458
1.365000 -2.674826 0.046980 -1.045759 -0.066715 0.883389 0.101991 0.452516
1.370000 -2.647247 0.050647 -1.077667 -0.049424 0.875291 0.102449 0.470028
1.375000 -2.621692 0.053610 -1.107755 -0.034642 0.864743 0.098647 0.491211
1.380000 -2.596665 0.058434 -1.135194 -0.026922 0.854151 0.092664 0.510993
1.385000 -2.571955 0.063279 -1.162438 -0.023296 0.846402 0.089290 0.524488
1.390000 -2.548508 0.069610 -1.190656 -0.018787 0.839650 0.083726 0.536307
1.395000 -2.517594 0.080972 -1.220899 -0.014782 0.835924 0.080631 0.542689
1.400000 -2.490976 0.090236 -1.247924 -0.015044 0.833825 0.079417 0.546079
1.405000 -2.461357 0.100692 -1.279954 -0.015415 0.831102 0.078695 0.550309
1.410000 -2.431085 0.106057 -1.308791 -0.017374 0.828049 0.080077 0.554635
1.415000 -2.400636 0.109613 -1.336193 -0.021882 0.823500 0.081856 0.560953
1.420000 -2.370603 0.108010 -1.361491 -0.023038 0.814461 0.084845 0.573519
1.425000 -2.338526 0.107745 -1.384725 -0.024493 0.802297 0.082403 0.590703
1.430000 -2.302912 0.108215 -1.403332 -0.030169 0.784727 0.082905 0.613531
1.435000 -2.269722 0.105729 -1.421784 -0.028417 0.762945 0.086776 0.639982
1.440000 -2.230955 0.106156 -1.433937 -0.023602 0.741732 0.091505 0.664005
1.445000 -2.195861 0.107898 -1.445177 -0.022035 0.723436 0.095850 0.683350
1.450000 -2.161887 0.113045 -1.455217 -0.018606 0.705486 0.099639 0.701438
1.455000 -2.128200 0.119701 -1.470239 -0.014783 0.689646 0.103634 0.716540
1.460000 -2.089760 0.128543 -1.478867 -0.011020 0.676792 0.106269 0.728381
1.465000 -2.051559 0.136953 -1.483245 -0.010329 0.664903 0.108130 0.738989
1.470000 -2.017602 0.140093 -1.486709 -0.011963 0.656830 0.110447 0.745810
1.475000 -1.977822 0.143881 -1.486542 -0.024904 0.649484 0.110112 0.751948
1.480000 -1.936440 0.145861 -1.486677 -0.033283 0.644596 0.109060 0.755972
1.485000 -1.897560 0.141420 -1.489685 -0.038325 0.642233 0.106043 0.758171
1.490000 -1.856044 0.140588 -1.489191 -0.040571 0.638124 0.103527 0.761862
1.495000 -1.818467 0.138573 -1.492302 -0.043931 0.634914 0.103862 0.764308
1.500000 -1.779737 0.136525 -1.497003 -0.036136 0.629694 0.104151 0.768981
1.505000 -1.740373 0.136574 -1.500652 -0.026603 0.624434 0.101966 0.773936
1.510000 -1.700682 0.139925 -1.501476 -0.024454 0.621155 0.096989 0.777278
1.515000 -1.664369 0.141008 -1.504635 -0.021872 0.613810 0.090503 0.783944
1.520000 -1.626005 0.146957 -1.503602 -0.020963 0.604747 0.085681 0.791518
1.525000 -1.589013 0.149347 -1.506923 -0.018084 0.594901 0.082453 0.799354
1.530000 -1.545865 0.158418 -1.505139 -0.015711 0.585515 0.080880 0.806463
1.535000 -1.503768 0.166109 -1.502669 -0.014190 0.577648 0.079041 0.812326
1.540000 -1.460856 0.173239 -1.499217 -0.014296 0.569446 0.076707 0.818317
1.545000 -1.420097 0.175002 -1.498745 -0.017589 0.558555 0.075379 0.825848
1.550000 -1.376629 0.173314 -1.495553 -0.016877 0.544470 0.074840 0.835265
1.555000 -1.337556 0.173204 -1.492589 -0.016438 0.528262 0.067195 0.846259
1.560000 -1.296033 0.173864 -1.483786 -0.014219 0.510632 0.057586 0.857751
1.565000 -1.258217 0.168466 -1.475627 -0.009292 0.486470 0.056634 0.871810
1.570000 -1.220446 0.163622 -1.460331 -0.010198 0.460755 0.061069 0.885365
1.575000 -1.185787 0.161680 -1.445664 -0.017234 0.438615 0.065682 0.896106
1.580000 -1.153273 0.162719 -1.426043 -0.020684 0.420256 0.069642 0.904493
1.585000 -1.117438 0.162129 -1.408258 -0.023153 0.402958 0.073220 0.911991
1.590000 -1.081031 0.171829 -1.383006 -0.020556 0.390010 0.077160 0.917342
1.595000 -1.048790 0.179442 -1.360062 -0.021562 0.380590 0.076977 0.921282
1.600000 -1.014536 0.177208 -1.339620 -0.027628 0.373729 0.071952 0.924330
1.605000 -0.981209 0.178441 -1.313814 -0.032726 0.368811 0.064678 0.926674
1.610000 -0.949558 0.172703 -1.288515 -0.034146 0.361385 0.059320 0.929901
1.615000 -0.915589 0.164982 -1.262559 -0.032758 0.354146 0.057718 0.932832
1.620000 -0.884571 0.159446 -1.236837 -0.037051 0.348497 0.050896 0.935193
1.625000 -0.853842 0.154304 -1.215456 -0.037314 0.340981 0.048387 0.938082
1.630000 -0.820087 0.149877 -1.191275 -0.029730 0.332386 0.050874 0.941301
1.635000 -0.788656 0.145594 -1.170971 -0.019855 0.323404 0.051518 0.944649
1.640000 -0.758786 0.144046 -1.149349 -0.013010 0.314039 0.045717 0.948220
1.645000 -0.729343 0.144209 -1.128596 -0.008701 0.302650 0.038710 0.952276
1.650000 -0.699664 0.147154 -1.105881 -0.004524 0.291362 0.032932 0.956035
1.655000 -0.668741 0.150928 -1.081612 0.000108 0.278917 0.028182 0.959902
1.660000 -0.636960 0.156421 -1.056795 0.000809 0.267171 0.021284 0.963414
1.665000 -0.604475 0.160031 -1.033542 0.001366 0.256352 0.013618 0.966487
1.670000 -0.571259 0.162715 -1.004498 0.000885 0.245857 0.006915 0.969281
1.675000 -0.539160 0.160608 -0.978754 -0.000253 0.237234 0.001547 0.971451
1.680000 -0.507528 0.154541 -0.951992 0.002219 0.223741 0.003882 0.974638
1.685000 -0.477832 0.148266 -0.927948 0.007144 0.205501 -0.009134 0.978588
1.690000 -0.451262 0.137566 -0.904057 0.007790 0.185001 -0.019548 0.982513
1.695000 -0.431559 0.130511 -0.877164 0.006630 0.163904 -0.023320 0.986178
1.700000 -0.416158 0.125276 -0.848085 0.000932 0.144920 -0.027280 0.989067
1.705000 -0.399450 0.122897 -0.817139 -0.005061 0.127425 -0.031799 0.991325
1.710000 -0.383033 0.121954 -0.784761 -0.009947 0.113174 -0.031543 0.993024
1.715000 -0.367527 0.123724 -0.750630 -0.017012 0.104755 -0.028923 0.993932
1.720000 -0.352669 0.126619 -0.713229 -0.024018 0.101775 -0.022507 0.994263
1.725000 -0.339412 0.131808 -0.676211 -0.029772 0.099637 -0.014687 0.994470
1.730000 -0.324893 0.133633 -0.634984 -0.035138 0.096580 -0.008782 0.994666
1.735000 -0.312065 0.135257 -0.593124 -0.039056 0.094171 -0.005610 0.994774
1.740000 -0.298518 0.132104 -0.553827 -0.043050 0.092204 -0.009957 0.994759
1.745000 -0.284576 0.124045 -0.514581 -0.043777 0.090363 -0.012732 0.994865
1.750000 -0.270739 0.115552 -0.475966 -0.043421 0.089033 -0.012828 0.994999
1.755000 -0.256485 0.107424 -0.440003 -0.045674 0.087036 -0.014335 0.995054
1.760000 -0.239886 0.100526 -0.402979 -0.040573 0.082685 -0.012674 0.995669
1.765000 -0.220425 0.094269 -0.364561 -0.028739 0.074786 -0.004416 0.996776
1.770000 -0.199764 0.088642 -0.327994 -0.014409 0.070143 0.005445 0.997418
1.775000 -0.178927 0.086758 -0.289993 -0.001612 0.066183 0.012264 0.997731
1.780000 -0.161467 0.086930 -0.253470 0.006744 0.062352 0.017401 0.997880
1.785000 -0.143608 0.089946 -0.215187 0.011560 0.058746 0.020739 0.997991
1.790000 -0.127513 0.092912 -0.176332 0.015061 0.053849 0.022657 0.998178
1.795000 -0.108367 0.096844 -0.137316 0.018645 0.048272 0.021995 0.998418
1.800000 -0.089281 0.100793 -0.098096 0.022507 0.041388 0.020068 0.998688
1.805000 -0.068659 0.099857 -0.057802 0.024270 0.035748 0.019628 0.998873
1.810000 -0.051522 0.096358 -0.017243 0.024018 0.029391 0.015695 0.999156
1.815000 -0.027441 0.088635 0.023217 0.025033 0.019962 0.014561 0.999381
1.820000 -0.011303 0.079640 0.057875 0.027179 0.013576 0.007683 0.999509
1.825000 0.000136 0.073689 0.091929 0.026223 0.005983 0.004258 0.999629
1.830000 0.008823 0.062909 0.129055 0.024049 -0.006136 0.008087 0.999659
1.835000 0.016603 0.056228 0.164322 0.018190 -0.018500 0.010952 0.999603
1.840000 0.020036 0.049843 0.197279 0.010532 -0.030770 0.009992 0.999421
1.845000 0.020373 0.051120 0.234356 0.004565 -0.043178 0.010498 0.999002
1.850000 0.026803 0.051531 0.276773 0.001308 -0.055894 0.016949 0.998292
1.855000 0.027308 0.055718 0.318869 0.001202 -0.067505 0.023255 0.997447
1.860000 0.028191 0.057371 0.357113 -0.000572 -0.078824 0.023627 0.996608
1.865000 0.029088 0.058692 0.397121 -0.003808 -0.088338 0.018494 0.995912
1.870000 0.026237 0.058527 0.439629 -0.004546 -0.093437 0.008665 0.995577
1.875000 0.027183 0.052322 0.476735 -0.007123 -0.096100 0.000366 0.995346
1.880000 0.027356 0.043563 0.515626 -0.008625 -0.095353 -0.002579 0.995403
1.885000 0.025151 0.035934 0.554152 -0.013675 -0.093812 -0.013904 0.995399
1.890000 0.027103 0.028506 0.592069 -0.015448 -0.093826 -0.017136 0.995321
1.895000 0.032391 0.022071 0.625807 -0.011769 -0.095002 -0.011856 0.995337
1.900000 0.037299 0.014221 0.665819 -0.005876 -0.096653 -0.008899 0.995261
1.905000 0.040441 0.007706 0.696789 -0.002061 -0.099438 -0.012435 0.994964
1.910000 0.044375 0.000612 0.732174 0.002614 -0.106695 -0.016739 0.994147
1.915000 0.047858 -0.005903 0.764780 0.005872 -0.120518 -0.018481 0.992522
1.920000 0.052251 -0.014696 0.809211 0.010241 -0.135213 -0.017982 0.990600
1.925000 0.033439 0.014279 0.862594 0.015657 -0.149149 -0.015978 0.988562
1.930000 0.026884 0.011442 0.904620 0.018264 -0.165661 -0.019769 0.985815
1.935000 0.029214 0.012402 0.948560 0.019731 -0.187016 -0.023876 0.981869
1.940000 0.022873 0.008013 0.986162 0.019793 -0.210579 -0.026093 0.977028
1.945000 0.011816 -0.004484 1.028468 0.018004 -0.238516 -0.026390 0.970613
1.950000 0.002996 -0.008913 1.065867 0.017269 -0.269874 -0.033970 0.962141
1.955000 -0.010974 -0.018365 1.101344 0.019857 -0.302977 -0.039208 0.951984
1.960000 -0.020072 -0.025664 1.136472 0.018037 -0.337499 -0.032810 0.940581
1.965000 -0.036766 -0.031967 1.168420 0.013677 -0.370219 -0.032215 0.928285
1.970000 -0.049996 -0.022165 1.200538 0.010313 -0.399071 -0.038722 0.916044
1.975000 -0.072108 -0.024170 1.227951 0.006559 -0.423516 -0.038776 0.905035
1.980000 -0.104877 -0.034523 1.258979 0.000550 -0.448248 -0.039026 0.893057
1.985000 -0.131907 -0.035755 1.287028 -0.000727 -0.470060 -0.033951 0.881981
1.990000 -0.167536 -0.025293 1.315981 -0.002388 -0.488759 -0.033913 0.871756
1.995000 -0.202918 -0.021733 1.334616 -0.001134 -0.504937 -0.040414 0.862209
2.000000 -0.231581 -0.027326 1.361283 0.000407 -0.520952 -0.049278 0.852162
2.005000 -0.264111 -0.038859 1.374136 0.001777 -0.534112 -0.052273 0.843794
2.010000 -0.304356 -0.042165 1.394361 0.000340 -0.550025 -0.051866 0.833536
2.015000 -0.329095 -0.049933 1.416416 0.001407 -0.565341 -0.062431 0.822490
2.020000 -0.360150 -0.055925 1.424066 -0.000260 -0.578477 -0.065325 0.813078
2.025000 -0.387755 -0.067558 1.451306 -0.000937 -0.590112 -0.062142 0.804925
2.030000 -0.416386 -0.074546 1.476116 0.002119 -0.597340 -0.061354 0.799635
2.035000 -0.446180 -0.086916 1.496165 0.006267 -0.603095 -0.059645 0.795411
2.040000 -0.476877 -0.079983 1.516185 0.011668 -0.606782 -0.057670 0.792688
2.045000 -0.509969 -0.080409 1.537604 0.015032 -0.607693 -0.053722 0.792210
2.050000 -0.545914 -0.075907 1.564958 0.016583 -0.608358 -0.049256 0.791959
2.055000 -0.581630 -0.077701 1.587656 0.016072 -0.608688 -0.046131 0.791904
2.060000 -0.620625 -0.077529 1.612534 0.019260 -0.610877 -0.048649 0.789995
2.065000 -0.656482 -0.084351 1.636287 0.023152 -0.617244 -0.051208 0.784762
2.070000 -0.694906 -0.092533 1.661986 0.024722 -0.626308 -0.051155 0.777503
2.075000 -0.732443 -0.102210 1.680194 0.025207 -0.634152 -0.048732 0.771260
2.080000 -0.768955 -0.108651 1.697435 0.027820 -0.641846 -0.050159 0.764686
2.085000 -0.809654 -0.115226 1.716862 0.026458 -0.650375 -0.050868 0.757447
2.090000 -0.849024 -0.123140 1.727986 0.022628 -0.657938 -0.048377 0.751175
2.095000 -0.885549 -0.128731 1.735795 0.016565 -0.664195 -0.047529 0.745863
2.100000 -0.922713 -0.132556 1.741030 0.013281 -0.670095 -0.049299 0.740517
2.105000 -0.965686 -0.133571 1.753537 0.009245 -0.678391 -0.051374 0.732845
2.110000 -1.003524 -0.130708 1.756853 0.005884 -0.685930 -0.054727 0.725583
2.115000 -1.054505 -0.129748 1.767959 0.003295 -0.691935 -0.059044 0.719534
2.120000 -1.095437 -0.125452 1.771410 0.002891 -0.696835 -0.063321 0.714425
2.125000 -1.138273 -0.127821 1.774418 0.004530 -0.701026 -0.067245 0.709944
2.130000 -1.182588 -0.131615 1.775018 0.009539 -0.705155 -0.070673 0.705458
2.135000 -1.231143 -0.134668 1.783852 0.014743 -0.707816 -0.072345 0.702528
2.140000 -1.273848 -0.140704 1.784792 0.020737 -0.709174 -0.072364 0.701003
2.145000 -1.311461 -0.150545 1.785605 0.023885 -0.708713 -0.074223 0.701175
2.150000 -1.355622 -0.160661 1.792353 0.022153 -0.708571 -0.068639 0.701944
2.155000 -1.391013 -0.166677 1.796408 0.020532 -0.709513 -0.059432 0.701882
2.160000 -1.424824 -0.175696 1.804737 0.023647 -0.711495 -0.057363 0.699946
2.165000 -1.459674 -0.179366 1.814861 0.029448 -0.714207 -0.055160 0.697136
2.170000 -1.502417 -0.174295 1.807247 0.032385 -0.716144 -0.052559 0.695217
2.175000 -1.545496 -0.169674 1.809167 0.032549 -0.717579 -0.048021 0.694057
2.180000 -1.598310 -0.173686 1.824493 0.030559 -0.718357 -0.048087 0.693338
2.185000 -1.639254 -0.165092 1.831596 0.031880 -0.718222 -0.046852 0.693503
2.190000 -1.689731 -0.164922 1.847528 0.031854 -0.721217 -0.048383 0.690283
2.195000 -1.730889 -0.165691 1.860428 0.033647 -0.726110 -0.050236 0.684915
2.200000 -1.772448 -0.173390 1.864147 0.036509 -0.736189 -0.053002 0.673708
2.205000 -1.809749 -0.180134 1.843066 0.043016 -0.745045 -0.058489 0.663051
2.210000 -1.853287 -0.189298 1.857755 0.046042 -0.757674 -0.059688 0.648265
2.215000 -1.893229 -0.208982 1.872047 0.040059 -0.769685 -0.056434 0.634662
2.220000 -1.931127 -0.199212 1.849983 0.032986 -0.777844 -0.054749 0.625198
2.225000 -1.972556 -0.207931 1.852222 0.028388 -0.785209 -0.055997 0.616040
2.230000 -2.023116 -0.218980 1.862886 0.026894 -0.791714 -0.057640 0.607571
2.235000 -2.048411 -0.206943 1.843568 0.024482 -0.796141 -0.056776 0.601944
2.240000 -2.106626 -0.206364 1.828502 0.021322 -0.800485 -0.057934 0.596165
2.245000 -2.136445 -0.200757 1.835103 0.021405 -0.805019 -0.061266 0.589689
2.250000 -2.178427 -0.194843 1.821183 0.023087 -0.807838 -0.067200 0.585106
2.255000 -2.217688 -0.193804 1.810348 0.024530 -0.810931 -0.070801 0.580324
2.260000 -2.258448 -0.204652 1.810678 0.026330 -0.814224 -0.075326 0.575041
2.265000 -2.298237 -0.205250 1.794964 0.025352 -0.818520 -0.074558 0.569055
2.270000 -2.338494 -0.209598 1.780424 0.029543 -0.820312 -0.081222 0.565348
2.275000 -2.365958 -0.212703 1.775889 0.030186 -0.822573 -0.080507 0.562122
2.280000 -2.411181 -0.218378 1.762567 0.030940 -0.824808 -0.075033 0.559557
2.285000 -2.443228 -0.221539 1.760116 0.034476 -0.828229 -0.070548 0.554862
2.290000 -2.479961 -0.222719 1.747791 0.040394 -0.832105 -0.070524 0.548631
2.295000 -2.523023 -0.224560 1.734742 0.043060 -0.837223 -0.071585 0.540444
2.300000 -2.558965 -0.222898 1.721650 0.046452 -0.843076 -0.073506 0.530719
2.305000 -2.594932 -0.220737 1.710888 0.047914 -0.848790 -0.069443 0.521956
2.310000 -2.634307 -0.216297 1.700236 0.046397 -0.854901 -0.070146 0.511929
2.315000 -2.671173 -0.213831 1.686866 -0.048425 0.862115 0.075374 -0.498730
2.320000 -2.709560 -0.214378 1.670975 -0.048675 0.869887 0.077704 -0.484655
2.325000 -2.745177 -0.213022 1.660107 -0.047538 0.878965 0.080441 -0.467642
2.330000 -2.784928 -0.215888 1.644383 -0.047594 0.889283 0.084013 -0.447048
2.335000 -2.818430 -0.220821 1.629625 -0.050920 0.901397 0.088055 -0.420876
2.340000 -2.851593 -0.225017 1.612742 -0.052036 0.915307 0.089538 -0.389214
2.345000 -2.884662 -0.230252 1.591309 -0.046651 0.927834 0.090215 -0.358901
2.350000 -2.912154 -0.232714 1.570368 -0.042671 0.938264 0.096134 -0.329541
2.355000 -2.935829 -0.233089 1.548114 -0.038864 0.945702 0.100712 -0.306586
2.360000 -2.964643 -0.230273 1.525917 -0.039368 0.953168 0.101967 -0.282000
2.365000 -2.989499 -0.224225 1.501790 -0.033939 0.959564 0.099800 -0.261008
2.370000 -3.009436 -0.219673 1.476176 -0.033872 0.964860 0.101421 -0.240024
2.375000 -3.027850 -0.214432 1.450139 -0.034568 0.968587 0.104272 -0.223096
2.380000 -3.047742 -0.208684 1.423417 -0.035513 0.972373 0.107376 -0.204205
2.385000 -3.062030 -0.203897 1.396546 -0.041425 0.975766 0.110369 -0.184346
2.390000 -3.080355 -0.204972 1.367225 -0.048854 0.979293 0.112957 -0.160748
2.395000 -3.094309 -0.197306 1.340656 -0.050661 0.983046 0.110230 -0.137487
2.400000 -3.104799 -0.202008 1.310577 -0.059401 0.985143 0.113335 -0.114541
2.405000 -3.118483 -0.204961 1.283833 -0.068011 0.986577 0.115432 -0.093356
2.410000 -3.133415 -0.204623 1.254297 -0.068075 0.988876 0.111132 -0.071694
2.415000 -3.147694 -0.204755 1.223228 -0.063330 0.991365 0.104957 -0.046562
2.420000 -3.159160 -0.206003 1.194062 -0.062877 0.992049 0.106182 -0.024692
2.425000 -3.165378 -0.200157 1.165852 -0.065170 0.992198 0.106210 -0.003926
2.430000 -3.174517 -0.200444 1.137133 -0.066587 0.991923 0.106937 0.014782
2.435000 -3.181951 -0.194675 1.105169 -0.065077 0.991828 0.105566 0.029984
2.440000 -3.191115 -0.189283 1.073414 -0.063539 0.991417 0.105200 0.044584
2.445000 -3.198836 -0.182298 1.039088 -0.065306 0.989302 0.113781 0.063804
2.450000 -3.204826 -0.180599 1.004075 -0.066768 0.987725 0.116475 0.079838
2.455000 -3.213165 -0.170846 0.969110 -0.066720 0.986363 0.116418 0.095301
2.460000 -3.218557 -0.176157 0.937436 -0.070111 0.983878 0.121192 0.111269
2.465000 -3.221808 -0.172556 0.895175 -0.071688 0.982988 0.114044 0.124856
2.470000 -3.224875 -0.169613 0.864466 -0.074887 0.980038 0.114856 0.143963
2.475000 -3.225443 -0.168346 0.834648 -0.079884 0.975855 0.116320 0.166721
2.480000 -3.226550 -0.162402 0.805145 -0.080568 0.971455 0.117167 0.189885
2.485000 -3.219141 -0.167785 0.772584 -0.080152 0.965841 0.122604 0.213764
2.490000 -3.208717 -0.167766 0.748565 -0.077822 0.960659 0.125055 0.235457
2.495000 -3.198824 -0.164898 0.717803 -0.071768 0.955734 0.123408 0.257278
2.500000 -3.187033 -0.159623 0.693868 -0.069083 0.949266 0.124891 0.280222
2.505000 -3.172153 -0.155885 0.666304 -0.064939 0.942917 0.125614 0.301514
2.510000 -3.158543 -0.149494 0.643829 -0.064709 0.935872 0.128214 0.321740
2.515000 -3.142455 -0.140726 0.619975 -0.061122 0.929752 0.128145 0.339712
2.520000 -3.123550 -0.133230 0.596876 -0.063543 0.924234 0.125773 0.354873
2.525000 -3.100956 -0.127817 0.575267 -0.066671 0.920125 0.121610 0.366246
2.530000 -3.082705 -0.130012 0.551910 -0.072848 0.915833 0.119182 0.376481
2.535000 -3.060337 -0.129082 0.526601 -0.070721 0.911489 0.119236 0.387258
2.540000 -3.039732 -0.130499 0.502721 -0.073884 0.908565 0.114139 0.394998
2.545000 -3.016370 -0.123701 0.484727 -0.074833 0.906601 0.109754 0.400536
2.550000 -2.997508 -0.125972 0.463223 -0.068238 0.905419 0.110135 0.404265
2.555000 -2.977391 -0.130042 0.442324 -0.061864 0.903537 0.110969 0.409243
2.560000 -2.957074 -0.126487 0.422777 -0.059736 0.901884 0.100050 0.415964
2.565000 -2.939152 -0.119544 0.404369 -0.061375 0.897587 0.096764 0.425686
2.570000 -2.916028 -0.114029 0.385284 -0.060628 0.896235 0.088255 0.430463
2.575000 -2.893423 -0.105119 0.365727 -0.057179 0.894398 0.086832 0.435020
2.580000 -2.869002 -0.101289 0.346528 -0.058454 0.893619 0.084147 0.436975
2.585000 -2.844795 -0.092511 0.324582 -0.058035 0.891252 0.083729 0.441917
2.590000 -2.817966 -0.088347 0.302879 -0.059022 0.890477 0.083361 0.443416
2.595000 -2.789830 -0.081705 0.279296 -0.058487 0.887584 0.082932 0.449328
2.600000 -2.761051 -0.077220 0.255092 -0.054690 0.880746 0.081041 0.463387
2.605000 -2.733779 -0.076115 0.233382 -0.047541 0.868277 0.082554 0.486847
2.610000 -2.701627 -0.075277 0.214570 -0.045498 0.851709 0.083645 0.515292
2.615000 -2.671609 -0.075544 0.200160 -0.044299 0.833150 0.086488 0.544443
2.620000 -2.641202 -0.078287 0.184558 -0.028612 0.814598 0.094597 0.571545
2.625000 -2.607816 -0.078128 0.173259 -0.022500 0.796668 0.098605 0.595895
2.630000 -2.575557 -0.074792 0.164547 -0.019899 0.782619 0.102781 0.613635
2.635000 -2.548411 -0.071292 0.155202 -0.020809 0.770745 0.103953 0.628262
2.640000 -2.516899 -0.063797 0.148039 -0.019915 0.761080 0.105363 0.639734
2.645000 -2.479409 -0.056910 0.141330 -0.017463 0.753123 0.108978 0.648555
2.650000 -2.440056 -0.049877 0.130836 -0.015354 0.746528 0.112601 0.655578
2.655000 -2.401034 -0.042809 0.128094 -0.016681 0.742382 0.113007 0.660167
2.660000 -2.360406 -0.035958 0.125527 -0.016461 0.737876 0.111438 0.665469
2.665000 -2.321807 -0.034605 0.124302 -0.022482 0.735313 0.107431 0.668780
2.670000 -2.279480 -0.032893 0.121481 -0.019670 0.733473 0.105551 0.671185
2.675000 -2.240644 -0.034115 0.115666 -0.017257 0.732544 0.104660 0.672404
2.680000 -2.198765 -0.037283 0.114259 -0.019051 0.734894 0.101983 0.670199
2.685000 -2.164798 -0.041072 0.108299 -0.015173 0.736342 0.104383 0.668337
2.690000 -2.129990 -0.041447 0.102935 -0.009461 0.737825 0.105584 0.666616
2.695000 -2.096361 -0.040907 0.098863 -0.010557 0.739553 0.100361 0.665491
2.700000 -2.060745 -0.038066 0.092267 -0.012203 0.740559 0.094533 0.665197
2.705000 -2.024468 -0.034026 0.086997 -0.011000 0.741692 0.093189 0.664145
2.710000 -1.986757 -0.028760 0.081348 -0.006633 0.743022 0.095994 0.662314
2.715000 -1.942665 -0.017563 0.075737 -0.004836 0.744635 0.097223 0.660336
2.720000 -1.902874 -0.009908 0.067966 -0.005832 0.745232 0.096093 0.659819
2.725000 -1.861169 -0.002914 0.058813 -0.005853 0.744728 0.095757 0.660437
2.730000 -1.817750 0.001379 0.048156 -0.005783 0.744222 0.093380 0.661347
2.735000 -1.777412 -0.001441 0.037549 -0.002585 0.743609 0.093574 0.662029
2.740000 -1.737459 -0.003444 0.030331 -0.003205 0.742488 0.093276 0.663326
2.745000 -1.698184 -0.004881 0.024780 -0.005690 0.738811 0.095255 0.667122
2.750000 -1.658317 -0.008324 0.021441 -0.003326 0.734156 0.100644 0.671472
2.755000 -1.622220 -0.009977 0.019420 -0.005895 0.730412 0.103877 0.675035
2.760000 -1.586471 -0.008559 0.017752 -0.012954 0.728873 0.102031 0.676879
2.765000 -1.551340 -0.005792 0.016727 -0.015468 0.729073 0.103402 0.676403
2.770000 -1.514995 -0.002527 0.016157 -0.014554 0.728973 0.108207 0.675780
2.775000 -1.472963 0.005751 0.016066 -0.010275 0.728555 0.113510 0.675439
2.780000 -1.436452 0.014274 0.017904 -0.009593 0.729435 0.115120 0.674225
2.785000 -1.397136 0.018740 0.020419 -0.011157 0.730092 0.114599 0.673578
2.790000 -1.356264 0.023506 0.021772 -0.011463 0.730770 0.112720 0.673155
2.795000 -1.315110 0.025671 0.023527 -0.012061 0.733285 0.108368 0.671121
2.800000 -1.274614 0.022940 0.023527 -0.008754 0.736378 0.107147 0.667975
2.805000 -1.235098 0.021676 0.022608 -0.012218 0.740515 0.104614 0.663735
2.810000 -1.199344 0.017729 0.024504 -0.012565 0.745795 0.105248 0.657690
2.815000 -1.160730 0.018229 0.019452 -0.005479 0.750681 0.109028 0.651583
2.820000 -1.127040 0.021165 0.012724 0.004220 0.756298 0.109791 0.644936
2.825000 -1.093534 0.022009 0.006774 0.005456 0.759831 0.107538 0.641142
2.830000 -1.063108 0.024721 0.000139 0.008815 0.763487 0.107201 0.636803
2.835000 -1.031601 0.027590 -0.007201 0.011194 0.767762 0.107104 0.631621
2.840000 -0.995991 0.032421 -0.015889 0.014248 0.772124 0.106881 0.626258
2.845000 -0.968074 0.040655 -0.026889 0.015060 0.776708 0.105978 0.620698
2.850000 -0.936268 0.049241 -0.038451 0.011211 0.782074 0.101166 0.614818
2.855000 -0.904922 0.054701 -0.051723 0.007514 0.786955 0.097527 0.609207
2.860000 -0.874263 0.060642 -0.066529 0.001063 0.792094 0.090864 0.603597
2.865000 -0.841069 0.065386 -0.084155 -0.004407 0.795882 0.084842 0.599461
2.870000 -0.808508 0.065714 -0.104213 -0.005331 0.799868 0.081483 0.594595
2.875000 -0.777266 0.065798 -0.118378 -0.010933 0.805116 0.075310 0.588215
2.880000 -0.745996 0.067823 -0.131549 -0.012212 0.808211 0.075991 0.583842
2.885000 -0.715082 0.063400 -0.145445 -0.010015 0.810983 0.083751 0.578958
2.890000 -0.685517 0.063557 -0.159953 -0.009194 0.814098 0.091867 0.573342
2.895000 -0.659638 0.067588 -0.173433 -0.010520 0.818650 0.094228 0.566412
2.900000 -0.628600 0.069238 -0.182436 -0.011254 0.825375 0.095296 0.556371
2.905000 -0.601593 0.070424 -0.198412 -0.010612 0.832195 0.097049 0.545821
2.910000 -0.575805 0.075978 -0.212918 -0.007609 0.839346 0.099515 0.534356
2.915000 -0.548714 0.082948 -0.228060 -0.003358 0.846441 0.103013 0.522412
2.920000 -0.520890 0.092265 -0.245060 -0.002512 0.853205 0.102637 0.511371
2.925000 -0.494834 0.100508 -0.261695 -0.002049 0.859670 0.099547 0.501052
2.930000 -0.464571 0.104066 -0.278942 -0.002750 0.867817 0.097985 0.487120
2.935000 -0.434135 0.107675 -0.297484 -0.000934 0.876579 0.094487 0.471890
2.940000 -0.399976 0.107465 -0.316448 0.001652 0.887244 0.092701 0.451887
2.945000 -0.372642 0.112768 -0.334276 -0.000461 0.897894 0.092049 0.430480
2.950000 -0.347021 0.109625 -0.354530 0.002649 0.908352 0.093327 0.407652
2.955000 -0.333371 0.110777 -0.377509 0.012460 0.917683 0.094113 0.385805
2.960000 -0.313263 0.114893 -0.398164 0.016433 0.927058 0.092146 0.363046
2.965000 -0.299135 0.117369 -0.417029 0.019748 0.935177 0.088212 0.342451
2.970000 -0.283749 0.119440 -0.441461 0.020753 0.942747 0.086737 0.321363
2.975000 -0.273139 0.130329 -0.462990 0.023157 0.949804 0.084909 0.300212
2.980000 -0.264874 0.127714 -0.486036 0.019002 0.956764 0.082831 0.278175
2.985000 -0.251388 0.129661 -0.505523 0.012184 0.963289 0.081118 0.255628
2.990000 -0.250461 0.134593 -0.529123 0.007771 0.967808 0.078271 0.239085
2.995000 -0.242886 0.145312 -0.554201 0.002574 0.972343 0.078854 0.219828
3.000000 -0.242662 0.151487 -0.586849 0.001293 0.976222 0.077854 0.202308
3.005000 -0.234209 0.149666 -0.619009 0.003676 0.979827 0.079487 0.183323
3.010000 -0.233178 0.154013 -0.649496 0.003718 0.983293 0.078353 0.164263
3.015000 -0.227385 0.153608 -0.675550 -0.003886 0.986308 0.080292 0.143995
3.020000 -0.231345 0.147234 -0.706163 -0.012033 0.988343 0.083448 0.126766
3.025000 -0.232286 0.150225 -0.734453 -0.010711 0.990357 0.084715 0.109092
3.030000 -0.235425 0.151701 -0.764386 -0.005625 0.992366 0.085076 0.089108
3.035000 -0.236438 0.155313 -0.790533 -0.007047 0.994660 0.082149 0.062078
3.040000 -0.250974 0.151504 -0.814892 -0.009613 0.996273 0.079556 0.031906
3.045000 -0.257494 0.155654 -0.840579 -0.008000 0.997053 0.076265 0.002345
3.050000 -0.268513 0.160478 -0.870784 -0.004246 0.996851 0.074007 -0.028171
3.055000 -0.274927 0.167658 -0.898360 -0.002411 0.995846 0.072584 -0.054917
3.060000 -0.284777 0.171949 -0.924642 -0.019891 0.994145 0.071458 -0.078575
3.065000 -0.296733 0.182050 -0.951978 -0.025351 0.991776 0.070976 -0.103442
3.070000 -0.304163 0.182483 -0.982048 -0.025025 0.988994 0.070002 -0.127923
3.075000 -0.317103 0.186501 -1.011910 -0.025147 0.985213 0.064819 -0.156593
3.080000 -0.329486 0.190371 -1.040831 -0.030759 0.979286 0.051682 -0.193342
3.085000 -0.346419 0.201877 -1.072171 -0.035863 0.972753 0.048858 -0.223783
3.090000 -0.358407 0.202302 -1.100219 -0.016019 0.965868 0.053359 -0.252974
3.095000 -0.373204 0.203520 -1.128958 -0.008989 0.959091 0.047499 -0.278940
3.100000 -0.390345 0.203648 -1.151140 -0.006166 0.952429 0.042729 -0.301687
3.105000 -0.412966 0.204363 -1.169750 -0.011017 0.944247 0.042315 -0.326322
3.110000 -0.431593 0.207990 -1.191590 -0.009006 0.936645 0.038705 -0.348019
3.115000 -0.453750 0.207188 -1.206561 -0.015234 0.929359 0.037015 -0.367000
3.120000 -0.480412 0.213061 -1.228094 -0.016222 0.922224 0.034877 -0.384738
3.125000 -0.507547 0.216991 -1.240419 -0.016115 0.915707 0.033377 -0.400133
3.130000 -0.529704 0.194213 -1.250363 -0.016734 0.907596 0.040649 -0.417536
3.135000 -0.558595 0.192105 -1.259305 -0.019162 0.900986 0.037126 -0.431832
3.140000 -0.589225 0.193433 -1.270480 -0.023492 0.894984 0.038355 -0.443825
3.145000 -0.623197 0.189710 -1.280988 -0.033009 0.885700 0.039858 -0.461365
3.150000 -0.655421 0.184268 -1.291797 -0.037084 0.877169 0.040243 -0.477054
3.155000 -0.685224 0.182118 -1.305097 -0.039604 0.869287 0.043741 -0.490774
3.160000 -0.714118 0.178069 -1.313740 0.038683 -0.863238 -0.042443 0.501520
3.165000 -0.743675 0.175249 -1.324314 0.034145 -0.857335 -0.041701 0.511930
3.170000 -0.772802 0.173727 -1.335784 0.031291 -0.849478 -0.043537 0.524894
3.175000 -0.801526 0.170483 -1.347976 0.029341 -0.840524 -0.044502 0.539145
3.180000 -0.831735 0.169729 -1.360245 0.029136 -0.831853 -0.044288 0.552459
3.185000 -0.865379 0.170891 -1.369363 0.024167 -0.824325 -0.041403 0.564084
3.190000 -0.900275 0.177167 -1.382687 0.019633 -0.817484 -0.038570 0.574324
3.195000 -0.936642 0.180904 -1.396203 0.016197 -0.810834 -0.039604 0.583711
3.200000 -0.974092 0.183481 -1.409348 0.014352 -0.804980 -0.040038 0.591776
3.205000 -1.007960 0.184453 -1.416519 0.018630 -0.799376 -0.041075 0.599135
3.210000 -1.046550 0.183359 -1.430525 0.021473 -0.793807 -0.041938 0.606341
3.215000 -1.084542 0.177819 -1.442354 0.020987 -0.787850 -0.040496 0.614176
3.220000 -1.117855 0.172029 -1.451200 0.020892 -0.780689 -0.043629 0.623045
3.225000 -1.152849 0.167486 -1.457954 0.018224 -0.775111 -0.039133 0.630348
3.230000 -1.187927 0.163168 -1.461134 0.016749 -0.770913 -0.032489 0.635891
3.235000 -1.221856 0.159525 -1.464197 0.019254 -0.765974 -0.028294 0.641960
3.240000 -1.254807 0.157331 -1.462776 0.021487 -0.761149 -0.024072 0.647773
3.245000 -1.295227 0.161593 -1.467719 0.019530 -0.755998 -0.019654 0.653987
3.250000 -1.325132 0.161679 -1.459475 0.015471 -0.750483 -0.015304 0.660531
3.255000 -1.361108 0.162208 -1.457760 0.011379 -0.744218 -0.013704 0.667699
3.260000 -1.401984 0.165635 -1.452248 0.008470 -0.737794 -0.013037 0.674847
3.265000 -1.446804 0.172303 -1.450315 0.004237 -0.731270 -0.011091 0.681985
3.270000 -1.477131 0.167717 -1.440068 0.003385 -0.725008 -0.011515 0.688636
3.275000 -1.516161 0.163867 -1.433809 0.005650 -0.718996 -0.015089 0.694827
3.280000 -1.553831 0.158864 -1.420761 0.002601 -0.714867 -0.014576 0.699104
3.285000 -1.587644 0.150258 -1.421209 0.005319 -0.706638 -0.019378 0.707290
3.290000 -1.622136 0.142294 -1.423793 0.004025 -0.701609 -0.024549 0.712128
3.295000 -1.657083 0.132585 -1.414552 -0.001510 -0.699184 -0.023920 0.714540
3.300000 -1.686301 0.132437 -1.399918 -0.004804 -0.695980 -0.026384 0.717560
3.305000 -1.711943 0.123494 -1.397888 -0.010851 -0.691785 -0.028982 0.721440
3.310000 -1.748536 0.117982 -1.389006 -0.010715 -0.688582 -0.033546 0.724303
3.315000 -1.780856 0.121476 -1.383456 -0.013130 -0.682804 -0.033906 0.729696
3.320000 -1.814953 0.124009 -1.375513 -0.012202 -0.679250 -0.034328 0.733002
3.325000 -1.851753 0.123368 -1.365954 -0.013248 -0.675073 -0.034677 0.736817
3.330000 -1.888557 0.127981 -1.353060 -0.013999 -0.668713 -0.034142 0.742604
3.335000 -1.925900 0.131577 -1.344627 -0.009850 -0.662389 -0.036002 0.748230
3.340000 -1.964230 0.133117 -1.342733 -0.007816 -0.648426 -0.038362 0.760270
3.345000 -2.005559 0.127967 -1.330230 -0.008006 -0.637745 -0.035282 0.769398
3.350000 -2.041474 0.119566 -1.324191 -0.008960 -0.626482 -0.033993 0.778643
3.355000 -2.077121 0.112227 -1.313524 -0.005569 -0.612951 -0.036805 0.789244
3.360000 -2.109278 0.102775 -1.298231 -0.004877 -0.600460 -0.031407 0.799023
3.365000 -2.139379 0.096053 -1.284728 -0.004237 -0.587913 -0.021821 0.808619
3.370000 -2.172182 0.086871 -1.273079 -0.002209 -0.577315 -0.014693 0.816387
3.375000 -2.198672 0.080607 -1.262735 -0.001288 -0.568107 -0.012346 0.822861
3.380000 -2.225874 0.078097 -1.245341 -0.000571 -0.560635 -0.008431 0.828020
3.385000 -2.259060 0.076141 -1.228336 0.000268 -0.551796 -0.005554 0.833961
3.390000 -2.289438 0.079470 -1.208195 0.000214 -0.543117 -0.001960 0.839655
3.395000 -2.315554 0.090474 -1.190539 0.004652 -0.531644 -0.003457 0.846948
3.400000 -2.344430 0.082970 -1.170431 0.004012 -0.519606 -0.003436 0.854390
3.405000 -2.368770 0.079501 -1.148695 0.005234 -0.509356 -0.006756 0.860513
3.410000 -2.394763 0.075463 -1.122904 0.012350 -0.499975 -0.012967 0.865855
3.415000 -2.422715 0.068509 -1.094931 0.013362 -0.490891 -0.013390 0.871016
3.420000 -2.445914 0.058941 -1.074098 0.016854 -0.478480 -0.015712 0.877796
3.425000 -2.476427 0.057027 -1.054961 0.014187 -0.471256 -0.015825 0.881740
3.430000 -2.500859 0.044743 -1.027602 0.009940 -0.463979 -0.012169 0.885707
3.435000 -2.526563 0.036385 -1.009823 0.002542 -0.453329 -0.004301 0.891329
3.440000 -2.547505 0.030527 -0.990473 0.003743 -0.443593 0.003636 0.896213
3.445000 -2.573143 0.025721 -0.968107 0.001221 -0.431470 0.003779 0.902119
3.450000 -2.598094 0.025691 -0.948725 -0.000658 -0.421357 0.006581 0.906871
3.455000 -2.621724 0.025239 -0.927960 -0.001883 -0.412993 0.010824 0.910668
3.460000 -2.647053 0.026039 -0.904006 -0.001166 -0.407476 0.011822 0.913139
3.465000 -2.675799 0.026788 -0.882458 -0.000809 -0.401638 0.011402 0.915727
3.470000 -2.706305 0.025758 -0.859951 -0.000773 -0.394030 0.004038 0.919088
3.475000 -2.734616 0.020898 -0.837417 0.000938 -0.386776 0.005396 0.922157
3.480000 -2.769358 0.019059 -0.817927 -0.012577 -0.374968 0.004102 0.926943
3.485000 -2.798986 0.010706 -0.795570 -0.007651 -0.360652 0.006466 0.932647
3.490000 -2.824567 0.004475 -0.771623 -0.003759 -0.349043 0.011097 0.937034
3.495000 -2.849251 -0.003271 -0.747315 -0.007339 -0.331281 0.007061 0.943477
3.500000 -2.869263 -0.009828 -0.720636 0.000870 -0.314596 0.009598 0.949177
3.505000 -2.888041 -0.014433 -0.692765 0.004111 -0.298457 0.018021 0.954244
3.510000 -2.905050 -0.019563 -0.668296 0.009040 -0.279137 0.021831 0.959961
3.515000 -2.919460 -0.018857 -0.636528 0.010975 -0.259815 0.027291 0.965210
3.520000 -2.934401 -0.017043 -0.606884 0.014573 -0.239789 0.033090 0.970152
3.525000 -2.945650 -0.018343 -0.571173 0.016614 -0.221006 0.039350 0.974337
3.530000 -2.957886 -0.017588 -0.545734 0.018838 -0.202060 0.044452 0.978182
3.535000 -2.967739 -0.015532 -0.509940 0.021210 -0.185079 0.042508 0.981575
3.540000 -2.976581 -0.018337 -0.475123 0.020144 -0.170682 0.041173 0.984260
3.545000 -2.987367 -0.019851 -0.439230 0.018961 -0.157469 0.042102 0.986444
3.550000 -3.004781 -0.012961 -0.405019 0.023851 -0.149645 0.043258 0.987505
3.555000 -3.012303 -0.018723 -0.372440 0.025211 -0.138954 0.038133 0.989243
3.560000 -3.018397 -0.027893 -0.341658 0.022424 -0.127496 0.033601 0.991016
3.565000 -3.031611 -0.037170 -0.299250 0.019307 -0.121215 0.039004 0.991672
3.570000 -3.039832 -0.042883 -0.269488 0.014959 -0.113751 0.044669 0.992392
3.575000 -3.048908 -0.048862 -0.242369 0.010325 -0.105123 0.040808 0.993568
3.580000 -3.058544 -0.053630 -0.212220 0.006832 -0.094213 0.034640 0.994926
3.585000 -3.068320 -0.054796 -0.180120 0.003862 -0.084090 0.034676 0.995847
3.590000 -3.077630 -0.054747 -0.143528 0.000910 -0.076529 0.040083 0.996261
3.595000 -3.089031 -0.052386 -0.105905 -0.002237 -0.076058 0.042538 0.996193
3.600000 -3.098836 -0.052306 -0.066713 -0.000613 -0.070507 0.041233 0.996659
3.605000 -3.107484 -0.054867 -0.028082 0.000666 -0.059742 0.040250 0.997402
3.610000 -3.116821 -0.057070 0.014147 0.004927 -0.048250 0.036233 0.998166
3.615000 -3.115536 -0.055921 0.054267 0.008928 -0.035314 0.036479 0.998670
3.620000 -3.131394 -0.072070 0.097992 0.006884 -0.019411 0.043482 0.998842
3.625000 -3.128524 -0.080379 0.137146 0.004406 -0.001716 0.040202 0.999180
3.630000 -3.149673 -0.087017 0.168563 0.007364 0.012477 0.042089 0.999009
3.635000 -3.157729 -0.093578 0.208523 0.013658 0.017150 0.049819 0.998518
3.640000 -3.154830 -0.104212 0.246016 0.015663 0.018472 0.049648 0.998473
3.645000 -3.159118 -0.107691 0.284495 0.020391 0.011931 0.053711 0.998277
3.650000 -3.163977 -0.105595 0.324827 0.022575 0.012928 0.060899 0.997805
3.655000 -3.162666 -0.102005 0.367766 0.024717 0.015307 0.068495 0.997228
3.660000 -3.159903 -0.107163 0.404711 0.023371 0.021294 0.070083 0.997040
3.665000 -3.148456 -0.104193 0.449242 0.004406 0.038909 0.054272 0.997758
3.670000 -3.145224 -0.106464 0.489094 0.017292 0.032768 0.053609 0.997874
3.675000 -3.141666 -0.110846 0.528646 0.015928 0.031212 0.050971 0.998085
3.680000 -3.135067 -0.115116 0.573144 0.021634 0.026175 0.066006 0.997241
3.685000 -3.132189 -0.124769 0.611223 0.025461 0.019712 0.068150 0.997155
3.690000 -3.127586 -0.129023 0.651805 0.026968 0.012818 0.058034 0.997868
3.695000 -3.124526 -0.136291 0.691090 0.025421 0.009246 0.055502 0.998092
3.700000 -3.123652 -0.147037 0.732651 0.017807 0.008042 0.057769 0.998139
3.705000 -3.126680 -0.154031 0.767302 0.008273 0.006961 0.057739 0.998273
3.710000 -3.127797 -0.160473 0.805964 0.001675 0.004101 0.057536 0.998334
3.715000 -3.125285 -0.162179 0.845581 0.001330 0.002494 0.060677 0.998153
3.720000 -3.124738 -0.160327 0.886673 0.001028 0.002208 0.063042 0.998008
3.725000 -3.119694 -0.157213 0.927608 -0.003117 0.000974 0.061883 0.998078
3.730000 -3.120301 -0.159499 0.968038 0.001615 0.000858 0.053891 0.998545
3.735000 -3.121116 -0.157842 1.009474 0.003024 0.006133 0.046110 0.998913
3.740000 -3.117574 -0.166269 1.050942 0.002758 0.013093 0.040437 0.999093
3.745000 -3.117211 -0.174806 1.092903 0.003240 0.022582 0.039767 0.998949
3.750000 -3.115306 -0.185353 1.129365 0.001172 0.036765 0.030399 0.998861
3.755000 -3.108119 -0.192636 1.167743 0.004925 0.045046 0.028779 0.998558
3.760000 -3.103844 -0.196265 1.207172 0.006861 0.052542 0.031144 0.998109
3.765000 -3.100131 -0.206281 1.246310 0.010660 0.056439 0.035409 0.997721
3.770000 -3.092480 -0.210288 1.283669 0.014338 0.060086 0.038237 0.997358
3.775000 -3.086998 -0.213740 1.323404 0.016278 0.063849 0.039534 0.997043
3.780000 -3.081951 -0.209940 1.361161 0.018054 0.068385 0.041907 0.996615
3.785000 -3.076455 -0.206118 1.403140 0.018816 0.073357 0.044147 0.996150
3.790000 -3.068887 -0.205980 1.442352 0.017418 0.078541 0.042895 0.995835
3.795000 -3.060953 -0.205123 1.483492 0.016543 0.084747 0.041719 0.995391
3.800000 -3.051126 -0.206006 1.522721 0.016986 0.086127 0.040822 0.995303
3.805000 -3.042988 -0.211612 1.563540 0.015501 0.088867 0.034493 0.995325
3.810000 -3.036672 -0.219819 1.602526 0.013898 0.087681 0.032053 0.995536
3.815000 -3.030255 -0.227856 1.637024 0.012037 0.084172 0.023294 0.996106
3.820000 -3.024127 -0.236654 1.676036 0.013917 0.074416 0.022310 0.996881
3.825000 -3.021648 -0.245797 1.715577 0.013436 0.061989 0.030537 0.997519
3.830000 -3.022144 -0.252637 1.752144 0.003744 0.054342 0.033405 0.997956
3.835000 -3.024389 -0.254001 1.786833 -0.004393 0.052202 0.030322 0.998166
3.840000 -3.022930 -0.255766 1.825623 -0.009883 0.050550 0.032053 0.998158
3.845000 -3.021602 -0.253423 1.859694 -0.008492 0.050643 0.036511 0.998013
3.850000 -3.019148 -0.251494 1.900708 -0.008614 0.053998 0.040542 0.997680
3.855000 -3.019306 -0.250797 1.940918 -0.004382 0.052648 0.040849 0.997768
3.860000 -3.021353 -0.248884 1.983052 -0.005956 0.071033 0.037271 0.996760
3.865000 -3.020316 -0.251937 2.023784 -0.002112 0.078762 0.030861 0.996413
3.870000 -3.017617 -0.260026 2.063837 0.007348 0.084094 0.031378 0.995937
3.875000 -3.013401 -0.268157 2.099385 0.008168 0.099946 0.029800 0.994513
3.880000 -3.011687 -0.276395 2.134393 0.007001 0.119252 0.022503 0.992584
3.885000 -3.005072 -0.283763 2.166570 0.006920 0.142294 0.023517 0.989521
3.890000 -2.995269 -0.290570 2.202511 0.012719 0.165252 0.033942 0.985585
3.895000 -2.982591 -0.295077 2.232781 0.020800 0.185578 0.041000 0.981554
3.900000 -2.973085 -0.297577 2.261707 0.024012 0.193167 0.042653 0.979944
3.905000 -2.966764 -0.301048 2.289869 0.024518 0.186471 0.036125 0.981490
3.910000 -2.956799 -0.299460 2.317898 0.015622 0.191637 0.036310 0.980670
3.915000 -2.944660 -0.298111 2.345898 0.012917 0.201918 0.036670 0.978630
3.920000 -2.929856 -0.295664 2.373061 0.010401 0.211977 0.035990 0.976556
3.925000 -2.912604 -0.291595 2.400207 0.010154 0.222764 0.036076 0.974152
3.930000 -2.897066 -0.291755 2.425113 0.006392 0.234161 0.026213 0.971823
3.935000 -2.877599 -0.292599 2.446133 0.000272 0.245010 0.019512 0.969324
3.940000 -2.859005 -0.296849 2.471697 -0.004815 0.260094 0.011279 0.965505
3.945000 -2.839618 -0.302117 2.492200 -0.004172 0.275677 0.005647 0.961225
3.950000 -2.819994 -0.304709 2.515756 -0.002536 0.291299 0.003953 0.956620
3.955000 -2.800922 -0.311281 2.537469 -0.001248 0.309814 0.011837 0.950723
3.960000 -2.781197 -0.316129 2.565534 -0.004146 0.334391 0.019598 0.942222
3.965000 -2.762870 -0.319826 2.592470 -0.009355 0.363757 0.028658 0.931006
3.970000 -2.745181 -0.318873 2.605318 -0.009754 0.392252 0.042773 0.918811
3.975000 -2.732143 -0.326943 2.619875 -0.011644 0.420629 0.047074 0.905936
3.980000 -2.713124 -0.328014 2.639202 -0.009432 0.443390 0.054556 0.894617
3.985000 -2.697661 -0.329717 2.646351 -0.008660 0.463704 0.058552 0.884011
3.990000 -2.668045 -0.311144 2.690069 -0.007464 0.485268 0.054194 0.872652
3.995000 -2.648057 -0.330521 2.690583 -0.014543 0.507002 0.052594 0.860216
4.000000 -2.620930 -0.334662 2.702207 -0.023056 0.528240 0.054582 0.847025
4.005000 -2.592822 -0.318147 2.723018 -0.030103 0.552706 0.059498 0.830705
4.010000 -2.566988 -0.324837 2.737712 -0.027959 0.582406 0.062822 0.809985
4.015000 -2.524687 -0.316669 2.739955 -0.021521 0.610767 0.062333 0.789060
4.020000 -2.500383 -0.312122 2.746947 -0.014190 0.641281 0.062477 0.764627
4.025000 -2.472702 -0.321972 2.723684 -0.006833 0.671595 0.063333 0.738175
4.030000 -2.453669 -0.315918 2.730196 -0.001405 0.706281 0.064459 0.704989
4.035000 -2.427951 -0.353848 2.735090 -0.001185 0.735443 0.065061 0.674455
4.040000 -2.420192 -0.278566 2.794621 0.007875 0.765394 0.057473 0.640943
4.045000 -2.386537 -0.366181 2.729955 0.007242 0.784849 0.067271 0.615982
4.050000 -2.358001 -0.350174 2.720245 0.017475 0.804005 0.077776 0.589255
4.055000 -2.333104 -0.341817 2.707547 0.018689 0.821887 0.083448 0.563195
4.060000 -2.312573 -0.339024 2.697733 0.010683 0.837088 0.082790 0.540662
4.065000 -2.292607 -0.333351 2.683211 0.003374 0.850143 0.083036 0.519952
4.070000 -2.269219 -0.329373 2.662687 -0.005202 0.860498 0.080844 0.502972
4.075000 -2.250121 -0.328477 2.645584 0.002186 0.873660 0.093369 0.477489
4.080000 -2.229605 -0.326775 2.627665 -0.004763 0.884465 0.091180 0.457586
4.085000 -2.209144 -0.324778 2.607461 -0.001788 0.898917 0.097823 0.427055
4.090000 -2.190318 -0.320900 2.583654 0.000083 0.909749 0.099228 0.403126
4.095000 -2.173895 -0.321398 2.562302 0.001200 0.921043 0.101919 0.375887
4.100000 -2.161586 -0.324963 2.543064 -0.001771 0.932116 0.100609 0.347899
4.105000 -2.148701 -0.287258 2.518407 0.002963 0.942835 0.099040 0.318191
4.110000 -2.132826 -0.281262 2.491475 0.007061 0.951019 0.100983 0.292087
4.115000 -2.116807 -0.274725 2.462340 0.011110 0.957723 0.100358 0.269390
4.120000 -2.103235 -0.267597 2.436325 0.011795 0.962258 0.102599 0.251783
4.125000 -2.088539 -0.258647 2.405593 0.009267 0.966727 0.101531 0.234616
4.130000 -2.076566 -0.254041 2.374077 0.007051 0.970792 0.100132 0.217917
4.135000 -2.057455 -0.248132 2.342848 0.001929 0.974705 0.097345 0.201174
4.140000 -2.044556 -0.246049 2.308018 0.002105 0.979316 0.091001 0.180705
4.145000 -2.035127 -0.245841 2.273313 0.000855 0.983755 0.083394 0.158966
4.150000 -2.028514 -0.247701 2.241123 -0.005887 0.987310 0.077911 0.138254
4.155000 -2.020900 -0.247133 2.207125 -0.004544 0.989822 0.075202 0.120733
4.160000 -2.014989 -0.244409 2.171245 0.003896 0.992182 0.070437 0.102946
4.165000 -2.010170 -0.242530 2.135542 0.007636 0.994301 0.065514 0.083758
4.170000 -2.007341 -0.240037 2.103549 0.007259 0.995947 0.061664 0.065074
4.175000 -2.005464 -0.236761 2.072368 0.007354 0.996885 0.061187 0.049213
4.180000 -2.005452 -0.227018 2.032451 0.008034 0.997405 0.061598 0.036403
4.185000 -2.006595 -0.222555 2.000096 0.006164 0.997686 0.062615 0.025782
4.190000 -2.008504 -0.212583 1.964985 0.003429 0.997840 0.063722 0.015598
4.195000 -2.009265 -0.208423 1.930272 -0.002338 0.997780 0.066352 0.005135
4.200000 -2.016888 -0.202569 1.886722 -0.007030 0.997565 0.069361 -0.002110
4.205000 -2.018824 -0.204202 1.844356 -0.010416 0.997221 0.073569 -0.005406
4.210000 -2.026220 -0.202369 1.809267 -0.017729 0.997146 0.073020 -0.007304
4.215000 -2.029128 -0.199152 1.769948 -0.021700 0.997001 0.074013 -0.006346
4.220000 -2.031145 -0.198762 1.724388 -0.017758 0.996949 0.076003 -0.000674
4.225000 -2.031579 -0.192607 1.683248 -0.014387 0.996633 0.080160 0.009467
4.230000 -2.021100 -0.202561 1.645212 -0.019775 0.995595 0.090138 0.016582
4.235000 -2.023124 -0.192905 1.606226 -0.019291 0.994670 0.098871 0.021983
4.240000 -2.020653 -0.186641 1.567380 -0.017388 0.993822 0.107072 0.023491
4.245000 -2.017309 -0.175410 1.521031 -0.012930 0.993081 0.114047 0.024832
4.250000 -2.017023 -0.164860 1.482146 -0.013489 0.992369 0.119470 0.027352
4.255000 -2.018100 -0.151222 1.436496 -0.016792 0.991782 0.122938 0.031193
4.260000 -2.016609 -0.146489 1.392851 -0.022871 0.991371 0.124856 0.032729
4.265000 -2.012709 -0.143692 1.344831 -0.029874 0.991490 0.122884 0.030885
4.270000 -2.011141 -0.141567 1.299981 -0.029798 0.991904 0.120616 0.026269
4.275000 -2.013536 -0.144372 1.258453 -0.034551 0.991851 0.121089 0.019373
4.280000 -2.008483 -0.141999 1.216745 -0.038030 0.992008 0.119739 0.011658
4.285000 -2.023278 -0.147783 1.176057 -0.037339 0.992582 0.115532 0.006302
4.290000 -2.029656 -0.148151 1.137172 -0.036202 0.993175 0.110876 -0.000022
4.295000 -2.046830 -0.145770 1.100535 -0.039096 0.993588 0.106033 -0.003368
4.300000 -2.052506 -0.139741 1.053407 -0.040453 0.993959 0.101752 -0.007439
4.305000 -2.074668 -0.126561 1.009299 -0.037520 0.994555 0.096735 -0.009748
4.310000 -2.076284 -0.113023 0.970867 -0.037895 0.994824 0.093194 -0.014291
4.315000 -2.089787 -0.099137 0.925658 -0.040030 0.994819 0.092089 -0.015917
4.320000 -2.093718 -0.093205 0.881523 -0.043932 0.994467 0.093412 -0.019474
4.325000 -2.106295 -0.087174 0.835284 -0.046475 0.994231 0.094081 -0.022213
4.330000 -2.117932 -0.086971 0.786117 -0.044502 0.994423 0.092770 -0.023151
4.335000 -2.128793 -0.089185 0.743164 -0.045593 0.994824 0.088583 -0.020004
4.340000 -2.137903 -0.089108 0.696880 -0.042937 0.995284 0.086027 -0.012835
4.345000 -2.137782 -0.095008 0.650123 -0.035668 0.995445 0.087975 -0.008771
4.350000 -2.139879 -0.087937 0.607128 -0.031693 0.995009 0.094517 -0.004323
4.355000 -2.139321 -0.088526 0.569490 -0.031617 0.994088 0.103869 0.000340
4.360000 -2.141893 -0.080432 0.525467 -0.033050 0.993191 0.111548 0.005985
4.365000 -2.141469 -0.074262 0.483216 -0.030343 0.992362 0.119012 0.011510
4.370000 -2.141890 -0.062635 0.437378 -0.029015 0.991885 0.122847 0.015216
4.375000 -2.128346 -0.062428 0.388371 -0.029767 0.991278 0.127277 0.016801
4.380000 -2.133752 -0.050244 0.343080 -0.032821 0.991398 0.125118 0.019939
4.385000 -2.133206 -0.046433 0.296161 -0.033929 0.991709 0.122078 0.021410
4.390000 -2.145382 -0.050177 0.250876 -0.034136 0.991958 0.119933 0.021667
4.395000 -2.135982 -0.046432 0.204243 -0.039002 0.991856 0.120203 0.015892
4.400000 -2.141534 -0.048362 0.163600 -0.040166 0.992009 0.118991 0.012055
4.405000 -2.149683 -0.046367 0.118297 -0.034433 0.992901 0.113543 0.008328
4.410000 -2.161690 -0.046242 0.078161 -0.029712 0.994049 0.104672 0.005257
4.415000 -2.166165 -0.043821 0.035954 -0.030315 0.994863 0.096585 0.000795
4.420000 -2.186697 -0.030725 -0.000634 -0.031662 0.995500 0.089314 0.000760
4.425000 -2.188766 -0.028845 -0.044405 -0.033308 0.995586 0.087731 -0.001530
4.430000 -2.201286 -0.019331 -0.084118 -0.032351 0.995629 0.087595 -0.001570
4.435000 -2.219418 -0.007729 -0.124228 -0.034896 0.995610 0.086805 -0.002693
4.440000 -2.239080 0.007888 -0.165348 -0.035480 0.995649 0.086106 -0.003078
4.445000 -2.258370 0.022134 -0.205403 -0.035722 0.995679 0.085676 -0.002489
4.450000 -2.279340 0.035609 -0.243906 -0.033729 0.996072 0.081858 0.001211
4.455000 -2.299663 0.049323 -0.283192 -0.034010 0.996132 0.080473 0.009419
4.460000 -2.272395 0.014752 -0.334487 -0.039794 0.995282 0.087426 0.013660
4.465000 -2.284008 0.014247 -0.375207 -0.038957 0.994861 0.089018 0.028440
4.470000 -2.279721 0.006587 -0.415429 -0.034967 0.994048 0.094783 0.040779
4.475000 -2.285758 0.008025 -0.455899 -0.034330 0.992493 0.103935 0.054552
4.480000 -2.280652 0.009122 -0.493483 -0.034144 0.990915 0.111386 0.067187
4.485000 -2.276412 0.013742 -0.537475 -0.028388 0.989250 0.117526 0.082252
4.490000 -2.265076 0.032822 -0.577888 -0.022393 0.988330 0.117304 0.094564
4.495000 -2.261123 0.037831 -0.620477 -0.016128 0.987368 0.119207 0.103126
4.500000 -2.251894 0.039455 -0.667090 -0.013814 0.986266 0.122669 0.109727
4.505000 -2.246868 0.049642 -0.706948 -0.016743 0.985035 0.123722 0.118819
4.510000 -2.244076 0.054418 -0.746810 -0.024432 0.983222 0.123929 0.131602
4.515000 -2.232682 0.057371 -0.788565 -0.027848 0.981798 0.122830 0.142163
4.520000 -2.228943 0.055618 -0.828890 -0.029663 0.980339 0.123559 0.150958
4.525000 -2.218362 0.055642 -0.865598 -0.034046 0.979441 0.123184 0.156085
4.530000 -2.217654 0.053871 -0.902862 -0.027980 0.978491 0.125699 0.161161
4.535000 -2.207307 0.057345 -0.940012 -0.025874 0.977750 0.122663 0.168193
4.540000 -2.200004 0.061437 -0.974924 -0.025950 0.976606 0.118564 0.177511
4.545000 -2.193151 0.061067 -1.010852 -0.028688 0.974535 0.117713 0.188686
4.550000 -2.185723 0.066710 -1.048216 -0.026780 0.972162 0.115273 0.202227
4.555000 -2.175396 0.075931 -1.085791 -0.024982 0.970024 0.113616 0.213356
4.560000 -2.164902 0.085949 -1.121729 -0.025438 0.966844 0.113325 0.227426
4.565000 -2.155149 0.091674 -1.159303 -0.025372 0.963184 0.117411 0.240515
4.570000 -2.141568 0.100236 -1.196273 -0.025296 0.958142 0.119902 0.258742
4.575000 -2.128270 0.104413 -1.234022 -0.027745 0.951226 0.122598 0.281724
4.580000 -2.114522 0.102089 -1.271221 -0.024254 0.942885 0.122328 0.308893
4.585000 -2.100135 0.103902 -1.297168 -0.031028 0.932998 0.119704 0.337968
4.590000 -2.082978 0.101798 -1.325830 -0.037551 0.919821 0.120495 0.371484
4.595000 -2.063474 0.102982 -1.354950 -0.035731 0.906040 0.122028 0.403639
4.600000 -2.039952 0.102616 -1.385774 -0.033138 0.891155 0.128270 0.433926
4.605000 -2.014502 0.105288 -1.405083 -0.024398 0.875852 0.131017 0.463812
4.610000 -1.986841 0.111894 -1.429922 -0.019756 0.860843 0.132838 0.490830
4.615000 -1.955486 0.122085 -1.447947 -0.018001 0.847205 0.134048 0.513761
4.620000 -1.926489 0.129851 -1.469029 -0.009516 0.831829 0.133878 0.538560
4.625000 -1.895539 0.141820 -1.487002 -0.007737 0.820594 0.132113 0.555978
4.630000 -1.861659 0.149246 -1.506305 -0.009750 0.811490 0.133271 0.568884
4.635000 -1.828721 0.155307 -1.522641 -0.008729 0.800668 0.128741 0.585047
4.640000 -1.793115 0.156371 -1.538443 -0.010963 0.791348 0.125816 0.598179
4.645000 -1.755107 0.157669 -1.548359 -0.009007 0.779949 0.123195 0.613532
4.650000 -1.724985 0.154111 -1.562797 -0.016135 0.770140 0.118403 0.626582
4.655000 -1.686258 0.156497 -1.571593 -0.013968 0.760084 0.116543 0.639136
4.660000 -1.651578 0.155986 -1.583522 -0.005143 0.749896 0.114856 0.651489
4.665000 -1.620308 0.154464 -1.596051 0.000896 0.738678 0.111573 0.664760
4.670000 -1.587814 0.157373 -1.602072 0.002508 0.726624 0.105098 0.678945
4.675000 -1.553446 0.163623 -1.605286 0.006850 0.713283 0.102885 0.693249
4.680000 -1.519273 0.169947 -1.620858 0.013761 0.699115 0.103229 0.707385
4.685000 -1.482721 0.171774 -1.623050 0.014671 0.688850 0.103882 0.717272
4.690000 -1.444885 0.180405 -1.629563 0.012185 0.679213 0.101680 0.726762
4.695000 -1.408898 0.187844 -1.629369 0.009781 0.667933 0.099674 0.737452
4.700000 -1.372166 0.187698 -1.628539 0.007094 0.654326 0.100708 0.749443
4.705000 -1.333583 0.194000 -1.632079 0.003283 0.639348 0.095551 0.762950
4.710000 -1.294698 0.192929 -1.631400 0.004087 0.620578 0.095681 0.778275
4.715000 -1.258785 0.184308 -1.630265 -0.001547 0.599540 0.093767 0.794832
4.720000 -1.218733 0.183436 -1.623492 -0.001372 0.575547 0.095974 0.812116
4.725000 -1.182156 0.180065 -1.613888 0.002450 0.550600 0.103893 0.828275
4.730000 -1.148269 0.181504 -1.603995 0.003051 0.526541 0.108397 0.843205
4.735000 -1.119189 0.179259 -1.593832 -0.000088 0.503840 0.106390 0.857220
4.740000 -1.089919 0.180744 -1.581232 -0.000062 0.482521 0.106404 0.869398
4.745000 -1.059966 0.184286 -1.565911 0.000897 0.460820 0.104259 0.881348
4.750000 -1.031827 0.187968 -1.549972 0.000665 0.440741 0.103926 0.891598
4.755000 -1.004590 0.193018 -1.529158 -0.001608 0.423693 0.102598 0.899975
4.760000 -0.977356 0.198300 -1.505536 -0.005425 0.407921 0.098325 0.907691
4.765000 -0.951626 0.199067 -1.483267 -0.011783 0.392192 0.091629 0.915232
4.770000 -0.924863 0.195464 -1.457322 -0.017543 0.378028 0.085824 0.921641
4.775000 -0.899824 0.190162 -1.433144 -0.019904 0.366897 0.085321 0.926127
4.780000 -0.872498 0.184601 -1.408824 -0.022069 0.356287 0.082077 0.930503
4.785000 -0.845609 0.181372 -1.383537 -0.017698 0.343532 0.081810 0.935403
4.790000 -0.820253 0.175572 -1.360222 -0.012521 0.330996 0.082714 0.939917
4.795000 -0.797581 0.170961 -1.338145 -0.009103 0.317005 0.076683 0.945275
4.800000 -0.774679 0.169545 -1.314408 -0.007343 0.300132 0.069095 0.951364
4.805000 -0.754952 0.167294 -1.290757 -0.004748 0.281443 0.065832 0.957305
4.810000 -0.732408 0.169263 -1.263165 -0.002274 0.265491 0.067335 0.961756
4.815000 -0.709623 0.171457 -1.235357 -0.000971 0.254773 0.068805 0.964549
4.820000 -0.687583 0.174357 -1.208203 -0.003598 0.247436 0.065630 0.966672
4.825000 -0.664714 0.176525 -1.180221 -0.004892 0.239796 0.063607 0.968725
4.830000 -0.640797 0.177674 -1.149331 -0.005680 0.230273 0.061937 0.971136
4.835000 -0.616798 0.173952 -1.118751 -0.007139 0.216588 0.061029 0.974328
4.840000 -0.594123 0.167877 -1.087490 -0.006627 0.201979 0.064286 0.977255
4.845000 -0.572697 0.163090 -1.054211 -0.005737 0.185557 0.059352 0.980823
4.850000 -0.553887 0.158674 -1.023047 -0.002375 0.164478 0.059746 0.984567
4.855000 -0.537600 0.152902 -0.987141 0.000549 0.143853 0.066096 0.987389
4.860000 -0.523769 0.148644 -0.953411 -0.002282 0.123652 0.067781 0.990005
4.865000 -0.512965 0.145440 -0.919737 -0.005890 0.107179 0.066351 0.992006
4.870000 -0.501547 0.143721 -0.885508 -0.007314 0.093461 0.068927 0.993207
4.875000 -0.491134 0.144092 -0.849146 -0.008063 0.081029 0.070135 0.994208
4.880000 -0.481355 0.145514 -0.810387 -0.008279 0.071210 0.072745 0.994771
4.885000 -0.472354 0.148137 -0.773712 -0.008633 0.065428 0.071793 0.995234
4.890000 -0.465406 0.149083 -0.734103 -0.009010 0.062718 0.069028 0.995601
4.895000 -0.458818 0.148573 -0.692630 -0.008671 0.058005 0.068734 0.995910
4.900000 -0.453286 0.144717 -0.645844 -0.008125 0.051326 0.069114 0.996254
4.905000 -0.444229 0.136427 -0.601452 -0.003723 0.047006 0.073463 0.996183
4.910000 -0.436331 0.128945 -0.562600 -0.003081 0.048090 0.072416 0.996210
4.915000 -0.430450 0.120557 -0.518642 -0.002009 0.050029 0.070677 0.996242
4.920000 -0.420957 0.112252 -0.483157 0.002095 0.050996 0.073392 0.995996
4.925000 -0.411761 0.107171 -0.443330 0.007622 0.052361 0.074156 0.995842
4.930000 -0.402336 0.101919 -0.411373 0.011826 0.051554 0.072911 0.995935
4.935000 -0.393278 0.098690 -0.375228 0.014091 0.050074 0.071648 0.996073
4.940000 -0.384672 0.098091 -0.336765 0.014448 0.048686 0.072238 0.996094
4.945000 -0.375701 0.098882 -0.299948 0.013420 0.048631 0.071849 0.996139
4.950000 -0.366038 0.100421 -0.261422 0.011014 0.049213 0.068632 0.996367
4.955000 -0.355289 0.101730 -0.224274 0.009374 0.049614 0.066319 0.996520
4.960000 -0.344033 0.100895 -0.183744 0.006416 0.049059 0.063735 0.996740
4.965000 -0.332188 0.097011 -0.145481 0.003104 0.045498 0.058411 0.997250
4.970000 -0.319853 0.089680 -0.106030 0.001583 0.038373 0.054457 0.997777
4.975000 -0.307293 0.081689 -0.070691 0.002614 0.034243 0.049684 0.998174
4.980000 -0.298912 0.073754 -0.032857 0.001917 0.026453 0.045916 0.998593
4.985000 -0.290406 0.065040 0.004312 0.000105 0.022289 0.049570 0.998522
4.990000 -0.282618 0.058651 0.039744 -0.004657 0.020208 0.050839 0.998492
4.995000 -0.277573 0.054063 0.077695 -0.009444 0.019672 0.050301 0.998496
5.000000 -0.270572 0.052208 0.114814 -0.011540 0.018929 0.050004 0.998503
5.005000 -0.264981 0.053064 0.155592 -0.011847 0.016045 0.052456 0.998424
5.010000 -0.259361 0.053462 0.194518 -0.010934 0.012429 0.052229 0.998498
5.015000 -0.255561 0.054877 0.238386 -0.011045 0.009527 0.049262 0.998679
5.020000 -0.252175 0.054264 0.276545 -0.011934 0.009321 0.045234 0.998862
5.025000 -0.246674 0.054625 0.320194 -0.011283 0.010761 0.038756 0.999127
5.030000 -0.242016 0.048202 0.359804 -0.010281 0.013718 0.032639 0.999320
5.035000 -0.237695 0.040300 0.399736 -0.010585 0.016854 0.029019 0.999381
5.040000 -0.236332 0.032432 0.441370 -0.013262 0.022848 0.022453 0.999399
5.045000 -0.227285 0.026065 0.477632 -0.011398 0.027747 0.022344 0.999300
5.050000 -0.215882 0.016745 0.518843 -0.006187 0.030895 0.022828 0.999243
5.055000 -0.205855 0.011171 0.552239 -0.000638 0.032465 0.021658 0.999238
5.060000 -0.196065 0.005302 0.588997 0.004147 0.031295 0.020017 0.999301
5.065000 -0.190145 0.008659 0.628275 0.004551 0.030287 0.016592 0.999393
5.070000 -0.186381 0.006142 0.666091 0.002367 0.029416 0.012661 0.999484
5.075000 -0.175270 0.011481 0.708102 0.001613 0.027094 0.010930 0.999572
5.080000 -0.164178 0.012213 0.752069 0.001261 0.024599 0.007574 0.999668
5.085000 -0.151578 0.014848 0.792645 -0.000707 0.022112 0.007100 0.999730
5.090000 -0.139514 0.012369 0.836285 -0.001887 0.021303 0.004825 0.999760
5.095000 -0.129171 0.005842 0.875546 -0.002203 0.020288 0.004712 0.999781
5.100000 -0.115440 -0.007725 0.917391 -0.002948 0.015509 0.003482 0.999869
5.105000 -0.107259 -0.010911 0.957888 -0.004950 0.008534 -0.000713 0.999951
5.110000 -0.102405 -0.017996 0.997312 -0.008070 -0.000785 0.000322 0.999967
5.115000 -0.093959 -0.025941 1.032824 -0.011642 -0.010260 0.003630 0.999873
5.120000 -0.092499 -0.027990 1.073979 -0.014163 -0.017683 0.006741 0.999721
5.125000 -0.084781 -0.030074 1.110460 -0.017533 -0.023706 0.010035 0.999515
5.130000 -0.082050 -0.036558 1.153923 -0.020660 -0.027069 0.013361 0.999331
5.135000 -0.082640 -0.031945 1.195663 -0.020699 -0.028338 0.017556 0.999230
5.140000 -0.073678 -0.032862 1.232894 -0.025020 -0.030067 0.014089 0.999135
5.145000 -0.074907 -0.031600 1.272668 -0.027712 -0.028710 0.012046 0.999131
5.150000 -0.076611 -0.028684 1.316667 -0.027857 -0.024442 0.006972 0.999289
5.155000 -0.076774 -0.034936 1.353992 -0.027654 -0.018399 0.001305 0.999447
5.160000 -0.069428 -0.044488 1.394250 -0.025816 -0.012256 0.000755 0.999591
5.165000 -0.068193 -0.051312 1.433583 -0.027454 -0.005668 -0.006151 0.999588
5.170000 -0.065118 -0.058630 1.474652 -0.028393 -0.001128 -0.009400 0.999552
5.175000 -0.057710 -0.066736 1.515043 -0.026404 -0.001328 -0.004056 0.999642
5.180000 -0.053902 -0.071187 1.551470 -0.019391 -0.004268 0.004434 0.999793
5.185000 -0.047513 -0.079423 1.587988 -0.011185 -0.007975 0.008979 0.999865
5.190000 -0.042970 -0.080525 1.627807 -0.007443 -0.013554 0.007008 0.999856
5.195000 -0.038226 -0.082206 1.659262 -0.004533 -0.019873 0.006645 0.999770
5.200000 -0.033244 -0.079037 1.695271 -0.002026 -0.026339 0.006093 0.999632
5.205000 -0.027984 -0.075399 1.732767 -0.001816 -0.033629 0.005409 0.999418
5.210000 -0.025253 -0.078602 1.768480 -0.005319 -0.041144 -0.000622 0.999139
5.215000 -0.020886 -0.078645 1.805498 -0.006693 -0.046681 -0.004064 0.998879
5.220000 -0.016625 -0.083204 1.842681 -0.007789 -0.053003 -0.008012 0.998532
5.225000 -0.013373 -0.086327 1.880843 -0.007200 -0.064070 -0.008957 0.997879
5.230000 -0.012872 -0.092903 1.919060 -0.006483 -0.078781 -0.014110 0.996771
5.235000 -0.012575 -0.102397 1.954720 -0.007447 -0.097762 -0.024737 0.994874
5.240000 -0.012030 -0.108563 1.986214 -0.007692 -0.118433 -0.026445 0.992580
5.245000 -0.011369 -0.117382 2.022731 -0.008197 -0.139394 -0.020056 0.990000
5.250000 -0.011287 -0.123996 2.053594 -0.011186 -0.160193 -0.016409 0.986886
5.255000 -0.023419 -0.127750 2.087673 -0.013801 -0.178562 -0.016087 0.983700
5.260000 -0.030327 -0.129141 2.118962 -0.014786 -0.195328 -0.015078 0.980510
5.265000 -0.041406 -0.125831 2.151738 -0.016016 -0.208619 -0.011348 0.977800
5.270000 -0.050235 -0.125055 2.181300 -0.018086 -0.220561 -0.010507 0.975149
5.275000 -0.062621 -0.125684 2.210841 -0.021487 -0.233142 -0.011443 0.972138
5.280000 -0.077036 -0.126839 2.240593 -0.022130 -0.248388 -0.015747 0.968280
5.285000 -0.093065 -0.128104 2.268085 -0.020115 -0.263715 -0.022311 0.964133
5.290000 -0.106729 -0.130997 2.295942 -0.017491 -0.277030 -0.030529 0.960217
5.295000 -0.121382 -0.139797 2.320999 -0.015612 -0.287679 -0.037158 0.956879
5.300000 -0.133360 -0.145301 2.344809 -0.014463 -0.298713 -0.044912 0.953176
5.305000 -0.147849 -0.151284 2.369862 -0.013655 -0.312029 -0.047451 0.948789
5.310000 -0.164641 -0.154876 2.393560 -0.011090 -0.325884 -0.045119 0.944267
5.315000 -0.179129 -0.162557 2.416722 -0.008124 -0.342250 -0.040781 0.938688
5.320000 -0.189144 -0.164606 2.443411 -0.004403 -0.360906 -0.037892 0.931822
5.325000 -0.202368 -0.170496 2.464244 -0.000556 -0.381536 -0.039977 0.923489
5.330000 -0.218599 -0.170082 2.484917 0.002214 -0.402656 -0.038123 0.914554
5.335000 -0.236200 -0.173870 2.506814 0.003586 -0.425247 -0.038286 0.904260
5.340000 -0.251857 -0.175087 2.529051 0.004883 -0.449943 -0.040404 0.892130
5.345000 -0.267709 -0.177053 2.553272 0.006282 -0.475533 -0.043328 0.878608
5.350000 -0.282907 -0.175627 2.582896 0.008740 -0.503170 -0.045018 0.862970
5.355000 -0.303746 -0.178072 2.606793 0.008431 -0.532338 -0.045449 0.845269
5.360000 -0.323647 -0.181224 2.629299 0.006388 -0.562810 -0.048319 0.825148
5.365000 -0.343242 -0.186549 2.648582 0.003975 -0.593866 -0.048291 0.803104
5.370000 -0.363681 -0.187808 2.665145 0.003193 -0.625357 -0.049660 0.778751
5.375000 -0.383613 -0.192919 2.681451 0.001584 -0.656048 -0.051391 0.752966
5.380000 -0.409768 -0.194329 2.696953 0.000125 -0.683415 -0.047177 0.728504
5.385000 -0.430924 -0.199892 2.703555 -0.004620 -0.708198 -0.044397 0.704601
5.390000 -0.456315 -0.201765 2.711344 -0.007796 -0.730226 -0.046874 0.681551
5.395000 -0.479492 -0.200514 2.715911 -0.009821 -0.748614 -0.047937 0.661198
5.400000 -0.500565 -0.199754 2.718276 -0.011113 -0.763578 -0.047045 0.643903
5.405000 -0.528508 -0.199953 2.720928 -0.013283 -0.777954 -0.045394 0.626538
5.410000 -0.554563 -0.198744 2.720082 -0.013733 -0.790450 -0.043658 0.610815
5.415000 -0.581793 -0.195936 2.718026 -0.011812 -0.802113 -0.047044 0.595200
5.420000 -0.608679 -0.196339 2.718564 -0.007526 -0.811100 -0.053453 0.582411
5.425000 -0.632494 -0.191570 2.710308 -0.000368 -0.818268 -0.062262 0.571455
5.430000 -0.651307 -0.198024 2.697816 0.005074 -0.823685 -0.067652 0.562975
5.435000 -0.684086 -0.195807 2.690053 0.009976 -0.829125 -0.070471 0.554515
5.440000 -0.705141 -0.202141 2.678171 0.013834 -0.834559 -0.073445 0.545826
5.445000 -0.731872 -0.207953 2.667267 0.019096 -0.838984 -0.078583 0.538113
5.450000 -0.754314 -0.208842 2.654422 0.020719 -0.844370 -0.076477 0.529870
5.455000 -0.779976 -0.213190 2.642713 0.020677 -0.850453 -0.073892 0.520425
5.460000 -0.804377 -0.213339 2.631208 0.024569 -0.856084 -0.074607 0.510832
5.465000 -0.829580 -0.212283 2.611842 0.030197 -0.861158 -0.077013 0.501561
5.470000 -0.858871 -0.213234 2.596869 -0.031429 0.866840 0.076443 -0.491687
5.475000 -0.886042 -0.212202 2.580172 -0.029556 0.872419 0.073754 -0.482257
5.480000 -0.915556 -0.209825 2.566794 -0.026127 0.878057 0.073967 -0.472083
5.485000 -0.947390 -0.203394 2.550056 -0.026169 0.883110 0.075210 -0.462359
5.490000 -0.976882 -0.200986 2.532632 -0.024954 0.888911 0.075579 -0.451112
5.495000 -1.012362 -0.194268 2.516250 -0.025725 0.895403 0.072565 -0.438550
5.500000 -1.044725 -0.197151 2.500950 -0.025802 0.902744 0.071481 -0.423412
5.505000 -1.077286 -0.197646 2.477865 -0.025688 0.911051 0.069191 -0.405633
5.510000 -1.107186 -0.203445 2.456696 -0.029375 0.919590 0.068117 -0.385812
5.515000 -1.134480 -0.202877 2.438274 -0.034226 0.928950 0.067818 -0.362328
5.520000 -1.160770 -0.205819 2.410878 -0.032613 0.937663 0.064743 -0.339902
5.525000 -1.185226 -0.205977 2.385177 -0.027584 0.945690 0.065813 -0.317140
5.530000 -1.205361 -0.207468 2.359634 -0.025677 0.951848 0.072680 -0.296723
5.535000 -1.223084 -0.204959 2.333947 -0.025273 0.956820 0.077701 -0.278960
5.540000 -1.245379 -0.195899 2.302623 -0.022019 0.961635 0.078484 -0.261941
5.545000 -1.261948 -0.190908 2.271352 -0.018973 0.965527 0.080229 -0.246904
5.550000 -1.281657 -0.179915 2.237421 -0.018084 0.968627 0.083994 -0.233195
5.555000 -1.300530 -0.174642 2.206011 -0.018747 0.970991 0.088136 -0.221487
5.560000 -1.315621 -0.168732 2.173584 -0.021740 0.972811 0.091450 -0.211667
5.565000 -1.332808 -0.163912 2.136683 -0.026328 0.974570 0.093954 -0.201726
5.570000 -1.348539 -0.164713 2.099670 -0.028740 0.976807 0.094080 -0.190188
5.575000 -1.363446 -0.167004 2.063651 -0.029814 0.979121 0.093998 -0.177759
5.580000 -1.376560 -0.170859 2.031244 -0.034466 0.980639 0.095889 -0.167226
5.585000 -1.390071 -0.176197 2.000021 -0.031911 0.982133 0.095962 -0.158709
5.590000 -1.406446 -0.180853 1.969615 -0.027923 0.984130 0.092441 -0.148870
5.595000 -1.422651 -0.185855 1.940448 -0.030818 0.986230 0.087586 -0.136855
5.600000 -1.442346 -0.166366 1.901381 -0.034799 0.988385 0.081182 -0.123670
5.605000 -1.460523 -0.170031 1.871548 -0.036192 0.989969 0.076564 -0.113089
5.610000 -1.481259 -0.162608 1.836985 -0.035203 0.990911 0.073228 -0.107212
5.615000 -1.497199 -0.152632 1.803412 -0.036739 0.991256 0.071013 -0.104975
5.620000 -1.514601 -0.149225 1.769354 -0.036888 0.991515 0.070919 -0.102505
5.625000 -1.533290 -0.140948 1.732043 -0.038128 0.992077 0.071341 -0.096127
5.630000 -1.549022 -0.139112 1.699904 -0.045843 0.992121 0.076662 -0.087848
5.635000 -1.563986 -0.144883 1.668493 -0.053110 0.992339 0.082751 -0.074801
5.640000 -1.579969 -0.149142 1.633785 -0.055777 0.992531 0.086175 -0.065922
5.645000 -1.596945 -0.148224 1.600712 -0.060008 0.992589 0.089323 -0.056455
5.650000 -1.610281 -0.151665 1.562772 -0.058654 0.992982 0.092314 -0.044993
5.655000 -1.624161 -0.158720 1.530601 -0.052980 0.993506 0.095079 -0.033163
5.660000 -1.632686 -0.154996 1.493213 -0.050278 0.993535 0.098862 -0.024237
5.665000 -1.641273 -0.147970 1.459713 -0.053347 0.993189 0.101914 -0.018554
5.670000 -1.654093 -0.146196 1.424396 -0.053102 0.993084 0.103781 -0.013935
5.675000 -1.666166 -0.139499 1.388387 -0.048786 0.993456 0.102760 -0.010261
5.680000 -1.678501 -0.134932 1.350022 -0.044876 0.993695 0.102450 -0.007816
5.685000 -1.688263 -0.125871 1.311896 -0.042898 0.993829 0.102160 -0.005221
5.690000 -1.698169 -0.119154 1.270398 -0.042112 0.993939 0.101516 -0.002530
5.695000 -1.703628 -0.109747 1.228361 -0.044583 0.994070 0.099146 -0.002572
5.700000 -1.715210 -0.113578 1.189503 -0.047320 0.994028 0.098280 -0.003148
5.705000 -1.716581 -0.109029 1.146946 -0.046937 0.994283 0.095701 -0.006342
5.710000 -1.727310 -0.110652 1.110205 -0.051893 0.994128 0.094429 -0.009980
5.715000 -1.738582 -0.112740 1.071012 -0.047651 0.994613 0.091152 -0.012853
5.720000 -1.744563 -0.105961 1.032327 -0.040528 0.995485 0.084354 -0.015860
5.725000 -1.754744 -0.105359 0.996912 -0.037372 0.996160 0.077365 -0.016828
5.730000 -1.763634 -0.106668 0.963038 -0.039773 0.996363 0.073619 -0.016110
5.735000 -1.774584 -0.095860 0.927355 -0.040027 0.996622 0.069894 -0.016042
5.740000 -1.783185 -0.087001 0.888965 -0.037578 0.996838 0.067706 -0.017825
5.745000 -1.799818 -0.086648 0.850976 -0.034154 0.997081 0.065790 -0.018289
5.750000 -1.810609 -0.076148 0.813375 -0.032092 0.997190 0.065078 -0.018648
5.755000 -1.820367 -0.073377 0.772446 -0.032643 0.997094 0.065671 -0.020612
5.760000 -1.838162 -0.063750 0.734721 -0.034962 0.996860 0.067729 -0.021452
5.765000 -1.846798 -0.067417 0.694417 -0.038543 0.996490 0.071342 -0.020815
5.770000 -1.852648 -0.069843 0.653142 -0.036675 0.996423 0.074270 -0.016729
5.775000 -1.875319 -0.067155 0.615670 -0.038472 0.996082 0.078957 -0.010292
5.780000 -1.876997 -0.067863 0.577076 -0.037019 0.995821 0.083392 -0.004044
5.785000 -1.879688 -0.068858 0.536686 -0.030067 0.995854 0.085781 0.003482
5.790000 -1.879033 -0.064959 0.499129 -0.026683 0.995579 0.089588 0.009232
5.795000 -1.888291 -0.070029 0.464045 -0.027218 0.995204 0.093116 0.012531
5.800000 -1.891586 -0.061047 0.429013 -0.026960 0.995047 0.094428 0.015401
5.805000 -1.901714 -0.056332 0.391529 -0.025813 0.994878 0.095929 0.018668
5.810000 -1.908632 -0.047714 0.356741 -0.025513 0.994693 0.097401 0.021170
5.815000 -1.900414 -0.039248 0.314254 -0.027488 0.994309 0.100641 0.021575
5.820000 -1.904773 -0.031116 0.276934 -0.032751 0.993918 0.102262 0.024412
5.825000 -1.898520 -0.020555 0.236524 -0.039739 0.993660 0.101983 0.025675
5.830000 -1.895777 -0.020657 0.194707 -0.044116 0.993352 0.102575 0.027986
5.835000 -1.901293 -0.025074 0.153233 -0.042000 0.993175 0.104027 0.031915
5.840000 -1.902486 -0.025841 0.117061 -0.049423 0.992686 0.105376 0.032054
5.845000 -1.902058 -0.022880 0.078323 -0.051923 0.992701 0.104215 0.031423
5.850000 -1.901310 -0.018768 0.037517 -0.046437 0.993416 0.099942 0.031305
5.855000 -1.908755 -0.021916 0.002106 -0.043096 0.993926 0.095560 0.033513
5.860000 -1.906452 -0.020190 -0.036089 -0.044670 0.994111 0.092004 0.035835
5.865000 -1.908531 -0.013755 -0.072083 -0.045731 0.994183 0.088577 0.040787
5.870000 -1.909048 -0.008880 -0.110870 -0.044181 0.994077 0.088152 0.045705
5.875000 -1.912546 0.002003 -0.147445 -0.041665 0.994032 0.086746 0.051370
5.880000 -1.917825 0.008255 -0.186471 -0.041275 0.993649 0.087676 0.057199
5.885000 -1.918473 0.017337 -0.228357 -0.041578 0.993367 0.086774 0.062951
5.890000 -1.923350 0.023682 -0.268578 -0.044153 0.992380 0.089070 0.072791
5.895000 -1.923412 0.028707 -0.308662 -0.045363 0.991584 0.088357 0.083046
5.900000 -1.924503 0.025625 -0.350071 -0.043966 0.990251 0.088891 0.097814
5.905000 -1.918872 0.023135 -0.388708 -0.047132 0.988148 0.091046 0.114248
5.910000 -1.913614 0.027366 -0.424779 -0.048167 0.986000 0.089605 0.132118
5.915000 -1.907391 0.022518 -0.461075 -0.046912 0.983703 0.090147 0.148329
5.920000 -1.902160 0.022395 -0.495975 -0.045918 0.980593 0.096430 0.164410
5.925000 -1.892020 0.025747 -0.524193 -0.045918 0.977719 0.101250 0.178059
5.930000 -1.880107 0.030631 -0.557130 -0.042012 0.975075 0.101744 0.192646
5.935000 -1.866586 0.037174 -0.587208 -0.036149 0.972454 0.100988 0.206948
5.940000 -1.850992 0.044952 -0.618468 -0.034280 0.969896 0.102326 0.218301
5.945000 -1.833985 0.057316 -0.650141 -0.037346 0.967434 0.104027 0.227717
5.950000 -1.812901 0.065582 -0.680484 -0.040150 0.964933 0.106203 0.236671
5.955000 -1.792725 0.071848 -0.710343 -0.041640 0.962162 0.106908 0.247146
5.960000 -1.770242 0.073767 -0.740465 -0.041728 0.958936 0.108165 0.258847
5.965000 -1.749727 0.073408 -0.770534 -0.042160 0.954570 0.105051 0.275650
5.970000 -1.721653 0.076581 -0.798434 -0.049208 0.948999 0.102100 0.294201
5.975000 -1.699674 0.078174 -0.826758 -0.048930 0.943390 0.100085 0.312417
5.980000 -1.675500 0.081051 -0.854957 -0.040673 0.937767 0.097246 0.330881
5.985000 -1.651568 0.082376 -0.879395 -0.032752 0.929746 0.095219 0.354165
5.990000 -1.627225 0.083217 -0.900804 -0.035913 0.918733 0.089684 0.382878
5.995000 -1.607270 0.085635 -0.918766 -0.036945 0.905775 0.086124 0.413267
6.000000 -1.583973 0.087319 -0.938004 -0.034661 0.893011 0.085146 0.440545
6.005000 -1.558761 0.092493 -0.958202 -0.030349 0.881472 0.087321 0.463100
6.010000 -1.531824 0.099995 -0.977127 -0.028564 0.870003 0.087244 0.484426
6.015000 -1.504835 0.107421 -0.997815 -0.027823 0.859115 0.087085 0.503551
6.020000 -1.476465 0.114051 -1.015996 -0.027428 0.849144 0.087189 0.520193
6.025000 -1.445985 0.120518 -1.035498 -0.025564 0.839103 0.088436 0.536126
6.030000 -1.416115 0.126902 -1.057604 -0.027461 0.826688 0.088546 0.554971
6.035000 -1.387891 0.132212 -1.073218 -0.027684 0.810725 0.085842 0.578437
6.040000 -1.356219 0.130408 -1.089118 -0.031205 0.791627 0.082693 0.604579
6.045000 -1.325705 0.130493 -1.097224 -0.030227 0.769622 0.082152 0.632471
6.050000 -1.289545 0.130074 -1.110450 -0.025552 0.746389 0.082958 0.659825
6.055000 -1.259160 0.125087 -1.115637 -0.021619 0.724458 0.088556 0.683265
6.060000 -1.229746 0.124626 -1.120227 -0.021973 0.702545 0.087825 0.705857
6.065000 -1.195984 0.130672 -1.122013 -0.018852 0.682908 0.087153 0.725042
6.070000 -1.162954 0.134170 -1.123721 -0.012313 0.666974 0.086747 0.739912
6.075000 -1.128011 0.139355 -1.120278 -0.005502 0.651382 0.090602 0.753301
6.080000 -1.096878 0.144322 -1.114393 -0.004817 0.636890 0.090471 0.765612
6.085000 -1.065127 0.149939 -1.103505 -0.005654 0.621944 0.088851 0.777984
6.090000 -1.032414 0.152845 -1.087854 -0.008217 0.608203 0.086836 0.788975
6.095000 -0.999000 0.152137 -1.072107 -0.013571 0.592923 0.084265 0.800723
6.100000 -0.964586 0.149736 -1.054218 -0.012579 0.575517 0.085036 0.813260
6.105000 -0.932464 0.146347 -1.036121 -0.014166 0.558844 0.083286 0.824958
6.110000 -0.904655 0.143739 -1.018997 -0.019950 0.542842 0.077253 0.836036
6.115000 -0.873985 0.142893 -1.002622 -0.018904 0.527524 0.077329 0.845802
6.120000 -0.845640 0.138398 -0.988680 -0.012049 0.508752 0.079118 0.857185
6.125000 -0.820326 0.135717 -0.972956 -0.008557 0.487179 0.077843 0.869784
6.130000 -0.797239 0.134866 -0.958323 -0.008581 0.461160 0.072771 0.884286
6.135000 -0.770263 0.136485 -0.941022 -0.007258 0.435727 0.069577 0.897356
6.140000 -0.747376 0.136553 -0.924884 -0.004643 0.414765 0.069232 0.907279
6.145000 -0.722848 0.138402 -0.908146 -0.000847 0.395154 0.069291 0.915997
6.150000 -0.696227 0.142142 -0.890901 -0.000858 0.379721 0.065643 0.922769
6.155000 -0.670087 0.145174 -0.873835 -0.001633 0.363782 0.063233 0.929334
6.160000 -0.646577 0.146837 -0.859288 -0.004755 0.349989 0.058445 0.934917
6.165000 -0.617839 0.145455 -0.841685 -0.006060 0.336080 0.055983 0.940148
6.170000 -0.584212 0.147207 -0.818118 -0.007511 0.322076 0.051702 0.945271
6.175000 -0.555785 0.138888 -0.801675 -0.008104 0.309086 0.050779 0.949643
6.180000 -0.526291 0.135126 -0.779825 -0.009350 0.292889 0.046139 0.954987
6.185000 -0.503929 0.131491 -0.760686 -0.012731 0.272889 0.042794 0.961009
6.190000 -0.483101 0.126373 -0.740279 -0.009544 0.251572 0.042307 0.966866
6.195000 -0.459878 0.122106 -0.718016 -0.008413 0.230796 0.045847 0.971885
6.200000 -0.443211 0.118548 -0.696381 -0.012315 0.213732 0.044767 0.975788
6.205000 -0.427054 0.117032 -0.677695 -0.016317 0.200561 0.043016 0.978600
6.210000 -0.414177 0.118020 -0.656072 -0.018285 0.190175 0.041608 0.980698
6.215000 -0.398649 0.118857 -0.634192 -0.017486 0.180150 0.041576 0.982605
6.220000 -0.386743 0.120177 -0.612295 -0.018988 0.171988 0.040329 0.984090
6.225000 -0.375708 0.123458 -0.591169 -0.021748 0.165148 0.036684 0.985346
6.230000 -0.367108 0.126309 -0.565619 -0.026402 0.159916 0.032090 0.986256
6.235000 -0.356981 0.127581 -0.540775 -0.030058 0.154381 0.024034 0.987261
6.240000 -0.345728 0.125693 -0.516918 -0.031918 0.147848 0.015665 0.988371
6.245000 -0.336023 0.121180 -0.491727 -0.031835 0.142098 0.010510 0.989285
6.250000 -0.325663 0.115767 -0.468086 -0.031585 0.136466 0.006998 0.990116
6.255000 -0.314020 0.110431 -0.446592 -0.028136 0.130862 0.005065 0.990988
6.260000 -0.304615 0.106015 -0.425291 -0.025216 0.126752 0.004508 0.991604
6.265000 -0.293479 0.101108 -0.408213 -0.023085 0.124726 0.002741 0.991919
6.270000 -0.285603 0.095660 -0.393106 -0.021209 0.123123 -0.000523 0.992165
6.275000 -0.276837 0.092939 -0.380602 -0.018740 0.119782 -0.001412 0.992622
6.280000 -0.267789 0.090568 -0.366988 -0.016201 0.114806 -0.001522 0.993255
6.285000 -0.260522 0.089156 -0.355554 -0.013734 0.110102 -0.001355 0.993824
6.290000 -0.251965 0.086910 -0.346655 -0.012324 0.104895 -0.002029 0.994405
6.295000 -0.244691 0.084351 -0.340875 -0.010690 0.099698 -0.002847 0.994956
6.300000 -0.239104 0.082974 -0.333691 -0.011407 0.095274 -0.005513 0.995370
6.305000 -0.232391 0.081656 -0.329356 -0.013033 0.092909 -0.007191 0.995563
6.310000 -0.226920 0.080655 -0.321456 -0.014494 0.092202 -0.007696 0.995605
6.315000 -0.222281 0.080185 -0.315596 -0.016315 0.091065 -0.007331 0.995684
6.320000 -0.216692 0.080186 -0.310720 -0.017284 0.089139 -0.007281 0.995843
6.325000 -0.212227 0.079436 -0.306450 -0.016828 0.087161 -0.007443 0.996024
6.330000 -0.207515 0.078648 -0.304464 -0.015987 0.085201 -0.007302 0.996209
6.335000 -0.203359 0.079784 -0.299723 -0.015329 0.082913 -0.008005 0.996407
6.340000 -0.200372 0.078576 -0.297662 -0.014845 0.078385 -0.007518 0.996784
6.345000 -0.197070 0.078541 -0.293653 -0.014460 0.073701 -0.006950 0.997151
6.350000 -0.193867 0.078714 -0.290853 -0.014680 0.070580 -0.007007 0.997373
6.355000 -0.192052 0.078647 -0.289161 -0.014802 0.067971 -0.006349 0.997557
6.360000 -0.189367 0.078974 -0.287455 -0.014870 0.066269 -0.005480 0.997676
6.365000 -0.187357 0.078716 -0.286148 -0.014417 0.064440 -0.005828 0.997800
6.370000 -0.182905 0.078085 -0.287032 -0.012977 0.062691 -0.007034 0.997924
6.375000 -0.181622 0.079701 -0.281476 -0.011995 0.061611 -0.006392 0.998008
6.380000 -0.179482 0.080089 -0.280722 -0.011232 0.060754 -0.004322 0.998080
6.385000 -0.176465 0.079365 -0.278009 -0.010654 0.060766 -0.002270 0.998093
6.390000 -0.175286 0.078805 -0.277155 -0.010145 0.061985 -0.001549 0.998024
6.395000 -0.173912 0.079725 -0.274491 -0.009861 0.062731 -0.001528 0.997981
6.400000 -0.171599 0.079534 -0.274032 -0.008935 0.062971 -0.001611 0.997974
6.405000 -0.170680 0.079609 -0.272051 -0.008376 0.062728 -0.000963 0.997995
