0.000000 -0.1100698 0.0796682 -0.2413216 0.0050887 0.0068670 -0.0015419 0.9999623
0.015000 -0.1135790 0.0795467 -0.2398403 0.0047119 0.0063555 -0.0018175 0.9999670
0.025000 -0.1155466 0.0796978 -0.2400359 0.0042572 0.0055921 -0.0022248 0.9999728
0.050000 -0.1184577 0.0791041 -0.2371754 0.0030770 0.0026477 0.0000522 0.9999918
0.135000 -0.1540325 0.0815431 -0.2027209 0.0014746 0.0173407 -0.0025040 0.9998454
0.155000 -0.1573826 0.0811315 -0.1617053 0.0060801 0.0290598 0.0090581 0.9995182
0.170000 -0.1532475 0.0822013 -0.1133617 0.0033833 0.0398999 0.0122916 0.9991223
0.225000 -0.0556211 0.0618444 0.1485906 0.0126973 0.0293332 0.0005857 0.9994889
0.245000 -0.0397358 0.0481687 0.2519832 0.0010258 -0.0001721 0.0012979 0.9999986
0.310000 -0.0181378 0.0098889 0.6495129 0.0077780 0.0280657 0.0090652 0.9995347
0.330000 -0.0048899 0.0085899 0.7619584 0.0161845 0.0264268 0.0168236 0.9993781
0.350000 0.0182058 0.0110210 0.8872636 0.0148025 0.0214736 0.0115094 0.9995936
0.375000 0.0584706 -0.0134738 1.0451756 0.0196619 -0.0184517 0.0023022 0.9996337
0.450000 0.0097127 -0.0696391 1.5455571 -0.0005057 -0.0693604 -0.0071518 0.9975659
0.475000 -0.0076908 -0.0799350 1.7071257 0.0166849 -0.1017728 0.0010902 0.9946672
0.535000 -0.0967580 -0.1313230 2.1253667 0.0036516 -0.3330003 -0.0001494 0.9429197
0.555000 -0.1746027 -0.1273733 2.2345781 -0.0054322 -0.3852454 -0.0114577 0.9227270
0.560000 -0.1998804 -0.1282746 2.2613392 -0.0071876 -0.3916487 -0.0166485 0.9199361
0.590000 -0.3534020 -0.1647024 2.4133983 -0.0056286 -0.4282913 -0.0168309 0.9034665
0.615000 -0.4898385 -0.1753066 2.5288875 0.0121657 -0.5027347 -0.0025965 0.8643513
0.635000 -0.6167663 -0.1775944 2.6168029 0.0198024 -0.5482855 -0.0129541 0.8359563
0.650000 -0.7162392 -0.2029216 2.6747396 0.0396694 -0.5999027 -0.0138077 0.7989696
0.665000 -0.8211004 -0.2234915 2.7034516 0.0339637 -0.6463517 -0.0176798 0.7620783
0.680000 -0.9389545 -0.2218561 2.7192647 0.0030242 -0.6731365 -0.0225558 0.7391680
0.700000 -1.0958881 -0.2198480 2.7370100 0.0096531 -0.6836504 -0.0411482 0.7285847
0.725000 -1.2875986 -0.2519908 2.7650244 0.0153908 -0.6857501 -0.0307601 0.7270239
0.755000 -1.5192536 -0.2497868 2.8092468 0.0301948 -0.7080052 -0.0189077 0.7053081
0.770000 -1.6437407 -0.2601875 2.8267488 0.0316527 -0.7256777 -0.0253629 0.6868382
0.780000 -1.7254241 -0.2752370 2.8304007 0.0351836 -0.7511479 -0.0303032 0.6584988
0.785000 -1.7634220 -0.2806470 2.8259306 0.0311021 -0.7678802 -0.0315889 0.6390578
0.815000 -1.9797192 -0.2799138 2.7598913 0.0087829 -0.8467830 -0.0649975 0.5278794
0.830000 -2.0890560 -0.2745671 2.7115068 0.0129417 -0.8606996 -0.0770792 0.5030781
0.845000 -2.1898131 -0.2858790 2.6580174 0.0118847 -0.8601898 -0.0880201 0.5021800
0.860000 -2.2851021 -0.2959642 2.6083126 -0.0171040 0.8720067 0.0758696 -0.4832759
0.905000 -2.5863924 -0.2816094 2.4196255 -0.0281277 0.9266812 0.0707189 -0.3680621
0.930000 -2.7074471 -0.2933443 2.2693188 -0.0162199 0.9627196 0.0943148 -0.2530070
0.935000 -2.7242737 -0.2869399 2.2394438 -0.0115172 0.9673018 0.0998467 -0.2328630
0.945000 -2.7610478 -0.2725217 2.1727304 -0.0066797 0.9732005 0.1082843 -0.2027577
0.950000 -2.7737155 -0.2630251 2.1373823 -0.0073806 0.9751526 0.1124746 -0.1907154
0.955000 -2.7880404 -0.2554113 2.1016471 -0.0109595 0.9765520 0.1145699 -0.1819337
0.960000 -2.8055034 -0.2534785 2.0655246 -0.0172814 0.9778394 0.1186541 -0.1716178
0.965000 -2.8161952 -0.2514485 2.0260124 -0.0207251 0.9793308 0.1186265 -0.1625097
0.970000 -2.8295486 -0.2577259 1.9859582 -0.0201377 0.9806324 0.1183506 -0.1547505
0.975000 -2.8454511 -0.2518846 1.9531624 -0.0296129 0.9813546 0.1203735 -0.1468893
0.990000 -2.8946021 -0.2563718 1.8453374 -0.0210879 0.9839906 0.1072511 -0.1407658
0.995000 -2.9017904 -0.2509726 1.8106220 -0.0304486 0.9844580 0.1043463 -0.1379390
1.000000 -2.9215794 -0.2480850 1.7777295 -0.0375167 0.9855214 0.1010831 -0.1308521
1.005000 -2.9406657 -0.2439338 1.7417309 -0.0368768 0.9865895 0.0961783 -0.1266138
1.010000 -2.9564297 -0.2361759 1.7010586 -0.0332954 0.9872369 0.0933978 -0.1246255
1.015000 -2.9719305 -0.2241328 1.6661391 -0.0323936 0.9877775 0.0919070 -0.1216529
1.020000 -2.9928422 -0.2152325 1.6260353 -0.0324353 0.9882205 0.0914753 -0.1183235
1.025000 -3.0111077 -0.2115739 1.5883144 -0.0335675 0.9888777 0.0891463 -0.1142238
1.030000 -3.0269570 -0.2093742 1.5430048 -0.0324161 0.9898166 0.0870902 -0.1078315
1.035000 -3.0438070 -0.2140200 1.5021499 -0.0325090 0.9909494 0.0848069 -0.0988447
1.080000 -3.1018579 -0.1793163 1.1305704 -0.0095467 0.9944713 0.1011078 0.0266992
1.120000 -3.1143255 -0.1767518 0.7971579 -0.0423811 0.9946778 0.0936949 0.0064150
1.170000 -3.1641197 -0.1284688 0.4134430 -0.0716672 0.9908297 0.1067505 0.0415295
1.210000 -3.1133790 -0.0838112 0.0943518 -0.0622600 0.9811132 0.1328327 0.1260795
1.310000 -2.9501488 -0.0154742 -0.7130915 -0.0675950 0.9562658 0.0997649 0.2665212
1.330000 -2.8634443 0.0152662 -0.8465157 -0.0502883 0.9233987 0.1141884 0.3629971
1.370000 -2.6458235 0.0521842 -1.0942776 -0.0491207 0.8744242 0.1021146 0.4717436
1.380000 -2.5957079 0.0579295 -1.1492304 -0.0268683 0.8532747 0.0923562 0.5125141
1.395000 -2.5210509 0.0825893 -1.2326474 -0.0150053 0.8348099 0.0796795 0.5445351
1.400000 -2.4918194 0.0906678 -1.2598701 -0.0152041 0.8327248 0.0787844 0.5478424
1.405000 -2.4629087 0.1006440 -1.2884185 -0.0158769 0.8302106 0.0778841 0.5517540
1.410000 -2.4346237 0.1088782 -1.3204956 -0.0173464 0.8268570 0.0790936 0.5565527
1.420000 -2.3709435 0.1104600 -1.3725989 -0.0227879 0.8132803 0.0840982 0.5753114
1.425000 -2.3394885 0.1105762 -1.3952694 -0.0244226 0.8011214 0.0814085 0.5924362
1.430000 -2.3082800 0.1090163 -1.4145762 -0.0300752 0.7832566 0.0822359 0.6155012
1.435000 -2.2723346 0.1059241 -1.4320519 -0.0286770 0.7615041 0.0861483 0.6417692
1.440000 -2.2374926 0.1063027 -1.4461775 -0.0236677 0.7399868 0.0908350 0.6660393
1.450000 -2.1666050 0.1127072 -1.4665643 -0.0189357 0.7037725 0.0990390 0.7032332
1.470000 -2.0127485 0.1450760 -1.4869933 -0.0127781 0.6567367 0.1089112 0.7461046
1.490000 -1.8516848 0.1443397 -1.4928594 -0.0409328 0.6376188 0.1023236 0.7624280
1.510000 -1.6982290 0.1421216 -1.5058081 -0.0250893 0.6203949 0.0958947 0.7780005
1.525000 -1.5850656 0.1519082 -1.5089717 -0.0187504 0.5944541 0.0815319 0.7997658
1.545000 -1.4186550 0.1769658 -1.5015033 -0.0186372 0.5580581 0.0741240 0.8262745
1.560000 -1.2974585 0.1692293 -1.4909177 -0.0168494 0.5093229 0.0565568 0.8585497
1.580000 -1.1561823 0.1576443 -1.4307926 -0.0237574 0.4190939 0.0685373 0.9050406
1.610000 -0.9572533 0.1767586 -1.2887828 -0.0339053 0.3616354 0.0602695 0.9297515
1.625000 -0.8615049 0.1593174 -1.2151700 -0.0370257 0.3413393 0.0492161 0.9379202
1.635000 -0.7965604 0.1492443 -1.1716526 -0.0195777 0.3240150 0.0516662 0.9444372
1.645000 -0.7361186 0.1488437 -1.1274055 -0.0082033 0.3032558 0.0390509 0.9520733
1.650000 -0.7065721 0.1515328 -1.1054108 -0.0040298 0.2920220 0.0333564 0.9558213
1.655000 -0.6768064 0.1556301 -1.0815544 0.0006352 0.2796560 0.0285238 0.9596763
1.660000 -0.6438572 0.1615955 -1.0554395 0.0014277 0.2677703 0.0219400 0.9632319
1.665000 -0.6127901 0.1653708 -1.0310951 0.0019313 0.2571532 0.0137830 0.9662704
1.670000 -0.5806759 0.1666515 -1.0044754 0.0013904 0.2466934 0.0072105 0.9690658
1.700000 -0.4214048 0.1275564 -0.8466110 0.0011262 0.1455387 -0.0267765 0.9889895
1.705000 -0.4045675 0.1252423 -0.8161920 -0.0048420 0.1280023 -0.0313812 0.9912655
1.715000 -0.3716865 0.1258002 -0.7501237 -0.0168017 0.1052571 -0.0283004 0.9939003
1.720000 -0.3580092 0.1301048 -0.7111196 -0.0237219 0.1023729 -0.0219744 0.9942204
1.725000 -0.3442239 0.1339930 -0.6745912 -0.0296144 0.1002490 -0.0142369 0.9944196
1.730000 -0.3294867 0.1366999 -0.6324843 -0.0349121 0.0971694 -0.0082930 0.9946208
1.735000 -0.3165320 0.1375251 -0.5907678 -0.0388479 0.0947357 -0.0050095 0.9947315
1.740000 -0.3018488 0.1333711 -0.5513572 -0.0429551 0.0927150 -0.0095614 0.9947197
1.745000 -0.2874744 0.1261048 -0.5102267 -0.0435604 0.0909181 -0.0122313 0.9948300
1.750000 -0.2729081 0.1177925 -0.4716446 -0.0432903 0.0895397 -0.0124475 0.9949641
1.755000 -0.2590449 0.1103687 -0.4338908 -0.0454991 0.0875820 -0.0139837 0.9950194
1.760000 -0.2397308 0.1032401 -0.3964932 -0.0402999 0.0830515 -0.0121937 0.9956554
1.860000 0.0243825 0.0593397 0.3561694 -0.0002974 -0.0783013 0.0237083 0.9966478
1.885000 0.0233263 0.0397441 0.5515074 -0.0131583 -0.0934465 -0.0136797 0.9954433
1.955000 -0.0080835 -0.0187605 1.0921149 0.0201561 -0.3028347 -0.0397942 0.9519985
2.055000 -0.5825074 -0.0831385 1.5915734 0.0153538 -0.6092714 -0.0462944 0.7914603
2.065000 -0.6564568 -0.0831330 1.6392368 0.0237254 -0.6177651 -0.0516115 0.7843084
2.070000 -0.6964279 -0.0925493 1.6644646 0.0249652 -0.6266852 -0.0514902 0.7771687
2.080000 -0.7721692 -0.1107465 1.7016575 0.0277487 -0.6423653 -0.0505032 0.7642292
2.090000 -0.8501555 -0.1268749 1.7288529 0.0220905 -0.6581869 -0.0484921 0.7509664
2.275000 -2.3860006 -0.2106098 1.7645733 0.0305861 -0.8221955 -0.0805415 0.5626474
2.305000 -2.6035464 -0.2166778 1.7134221 0.0483398 -0.8489924 -0.0689630 0.5216505
2.315000 -2.6815751 -0.2111259 1.6884700 -0.0488708 0.8623012 0.0752049 -0.4983899
2.320000 -2.7204573 -0.2089989 1.6764184 -0.0492103 0.8702436 0.0772623 -0.4840299
2.325000 -2.7564139 -0.2094683 1.6639388 -0.0479884 0.8792344 0.0803027 -0.4671139
2.330000 -2.7945108 -0.2136662 1.6510520 -0.0476223 0.8896630 0.0836992 -0.4463478
2.340000 -2.8581944 -0.2222775 1.6199811 -0.0522461 0.9155900 0.0891510 -0.3886094
2.355000 -2.9433470 -0.2304253 1.5544573 -0.0391452 0.9459490 0.1003596 -0.3059021
2.365000 -2.9936178 -0.2234450 1.5083373 -0.0337689 0.9597031 0.0995309 -0.2606207
2.370000 -3.0143096 -0.2184636 1.4817621 -0.0338315 0.9649974 0.1012107 -0.2395660
2.470000 -3.2266078 -0.1740606 0.8627915 -0.0747128 0.9799919 0.1153091 0.1440061
2.540000 -3.0407271 -0.1268922 0.5062456 -0.0737823 0.9086767 0.1136872 0.3948897
2.560000 -2.9655633 -0.1231984 0.4212798 -0.0590554 0.9016629 0.0996457 0.4166380
2.565000 -2.9429574 -0.1185043 0.4052291 -0.0604493 0.8974958 0.0968987 0.4259787
2.570000 -2.9222221 -0.1142514 0.3868413 -0.0601783 0.8961276 0.0882190 0.4307567
2.575000 -2.8969615 -0.1055170 0.3651282 -0.0567829 0.8942006 0.0871593 0.4354128
2.585000 -2.8500786 -0.0927671 0.3267226 -0.0574370 0.8911574 0.0839448 0.4421456
2.600000 -2.7664847 -0.0762444 0.2565364 -0.0544488 0.8807304 0.0809199 0.4634665
2.615000 -2.6759553 -0.0730427 0.1974338 -0.0436697 0.8327617 0.0864364 0.5450960
2.650000 -2.4453490 -0.0474452 0.1359053 -0.0152694 0.7465624 0.1117669 0.6556826
2.685000 -2.1704292 -0.0354228 0.1136439 -0.0153600 0.7365673 0.1032459 0.6682612
2.720000 -1.9149027 -0.0057611 0.0736515 -0.0060085 0.7451116 0.0948716 0.6601303
2.750000 -1.6702007 -0.0039111 0.0275277 -0.0036231 0.7342159 0.0992419 0.6716138
2.785000 -1.4040307 0.0219261 0.0239167 -0.0107095 0.7298940 0.1142194 0.6738650
2.815000 -1.1692576 0.0226856 0.0223641 -0.0042859 0.7504848 0.1084166 0.6519203
2.850000 -0.9408407 0.0502588 -0.0351001 0.0116260 0.7822191 0.1007799 0.6146882
2.910000 -0.5713685 0.0789823 -0.2095566 -0.0076140 0.8397593 0.0986409 0.5338693
2.960000 -0.3015836 0.1040183 -0.3984032 0.0131622 0.9275878 0.0934797 0.3614818
2.995000 -0.2374786 0.1353698 -0.5613283 0.0005603 0.9721570 0.0805523 0.2200495
3.020000 -0.2273705 0.1408395 -0.7073352 -0.0129086 0.9882954 0.0842516 0.1265194
3.060000 -0.2741656 0.1759057 -0.9238679 -0.0214325 0.9940825 0.0699066 -0.0803350
3.095000 -0.3606637 0.1823816 -1.1225860 -0.0117319 0.9582712 0.0510197 -0.2810260
3.105000 -0.4012270 0.1807479 -1.1656951 -0.0127208 0.9433870 0.0466812 -0.3281464
3.135000 -0.5535858 0.1997466 -1.2595167 -0.0174413 0.9008129 0.0347367 -0.4324642
3.160000 -0.7100559 0.1836202 -1.3167212 0.0377747 -0.8629378 -0.0409644 0.5022283
3.175000 -0.7983832 0.1780377 -1.3473635 0.0280739 -0.8405037 -0.0426266 0.5393963
3.200000 -0.9705046 0.1906403 -1.4090037 0.0128709 -0.8050679 -0.0381996 0.5918115
3.215000 -1.0800891 0.1845665 -1.4435401 0.0199492 -0.7878343 -0.0389149 0.6143327
3.220000 -1.1156238 0.1803105 -1.4543655 0.0198063 -0.7806402 -0.0417254 0.6232716
3.225000 -1.1500384 0.1747992 -1.4606893 0.0173595 -0.7750792 -0.0375175 0.6305104
3.270000 -1.4688042 0.1720835 -1.4426833 0.0032106 -0.7247311 -0.0108536 0.6889388
3.305000 -1.7161478 0.1423247 -1.3977656 -0.0101880 -0.6917231 -0.0271604 0.7215800
3.360000 -2.1079447 0.1182330 -1.3037646 -0.0040240 -0.5999764 -0.0303032 0.7994334
3.400000 -2.3423405 0.0973135 -1.1653090 0.0046198 -0.5200326 -0.0019770 0.8541316
3.435000 -2.5264466 0.0539537 -1.0054575 0.0033394 -0.4538019 -0.0026964 0.8910922
3.450000 -2.6005797 0.0452298 -0.9425733 0.0005563 -0.4218120 0.0082421 0.9066457
3.455000 -2.6253667 0.0445043 -0.9211128 -0.0005620 -0.4134921 0.0124382 0.9104226
3.460000 -2.6529255 0.0451793 -0.8981137 0.0002427 -0.4078116 0.0130779 0.9129724
3.465000 -2.6823568 0.0441614 -0.8759682 0.0004937 -0.4020467 0.0126522 0.9155316
3.470000 -2.7125883 0.0443483 -0.8540661 0.0006261 -0.3943976 0.0053605 0.9189240
3.475000 -2.7418861 0.0401812 -0.8324442 0.0024290 -0.3869059 0.0066858 0.9220917
3.480000 -2.7784348 0.0366818 -0.8124858 -0.0112342 -0.3750419 0.0053078 0.9269246
3.485000 -2.8079305 0.0285041 -0.7883102 -0.0064215 -0.3609573 0.0079549 0.9325263
3.490000 -2.8345942 0.0225467 -0.7652377 -0.0025462 -0.3491525 0.0125988 0.9369777
3.495000 -2.8605189 0.0168098 -0.7407990 -0.0059262 -0.3313408 0.0086585 0.9434528
3.500000 -2.8812563 0.0087752 -0.7133580 0.0022875 -0.3146243 0.0111454 0.9491481
3.530000 -2.9692495 -0.0031337 -0.5360970 0.0198096 -0.2021763 0.0457660 0.9780786
3.535000 -2.9790394 -0.0012940 -0.5051959 0.0224149 -0.1844448 0.0434135 0.9816277
3.545000 -2.9973357 -0.0064639 -0.4361015 0.0202383 -0.1567333 0.0424883 0.9865190
3.565000 -3.0302296 -0.0361787 -0.3032406 0.0193365 -0.1210442 0.0391711 0.9916855
3.665000 -3.1428046 -0.1023540 0.4432186 0.0043129 0.0382822 0.0542567 0.9977836
3.730000 -3.1139088 -0.1571997 0.9619112 0.0019866 -0.0001137 0.0537274 0.9985536
3.785000 -3.0727897 -0.2050498 1.3975927 0.0192352 0.0726013 0.0436103 0.9962215
3.850000 -3.0183716 -0.2543301 1.9007826 -0.0092942 0.0539647 0.0394126 0.9977214
3.895000 -2.9834774 -0.2989614 2.2300601 0.0197516 0.1862033 0.0388360 0.9815447
3.925000 -2.9131360 -0.2953101 2.3940511 0.0088767 0.2231314 0.0338340 0.9741606
3.935000 -2.8782790 -0.2967439 2.4421334 -0.0009158 0.2454616 0.0168165 0.9692600
3.945000 -2.8397048 -0.3058192 2.4903598 -0.0049673 0.2759787 0.0036588 0.9611440
3.950000 -2.8200858 -0.3083921 2.5117238 -0.0033973 0.2915497 0.0015869 0.9565483
3.955000 -2.8014605 -0.3140404 2.5328808 -0.0018511 0.3100228 0.0100005 0.9506747
4.000000 -2.6035204 -0.3150545 2.7143605 -0.0213617 0.5284467 0.0527101 0.8470593
4.015000 -2.5248270 -0.3197770 2.7545803 -0.0216794 0.6120173 0.0619350 0.7881173
4.045000 -2.3865757 -0.3262814 2.7509019 0.0099320 0.7862743 0.0630728 0.6145698
4.050000 -2.3629200 -0.3166689 2.7401617 0.0204644 0.8049899 0.0749060 0.5881850
4.055000 -2.3372440 -0.3087761 2.7273865 0.0215956 0.8227911 0.0805316 0.5621949
4.060000 -2.3184972 -0.3060504 2.7176352 0.0135664 0.8379599 0.0797771 0.5396988
4.070000 -2.2732301 -0.2952588 2.6814229 -0.0023211 0.8613816 0.0776755 0.5019789
4.105000 -2.1484509 -0.2879596 2.5316112 0.0034094 0.9432219 0.0989718 0.3170573
4.130000 -2.0730197 -0.2509917 2.3801441 0.0073371 0.9710106 0.0995985 0.2171743
4.145000 -2.0367947 -0.2423928 2.2760506 0.0013960 0.9837663 0.0831362 0.1590296
4.150000 -2.0280151 -0.2446340 2.2440472 -0.0057370 0.9873639 0.0775970 0.1380517
4.155000 -2.0207644 -0.2464764 2.2106924 -0.0049504 0.9898445 0.0751265 0.1205793
4.160000 -2.0129795 -0.2411742 2.1706080 0.0040766 0.9922306 0.0700577 0.1027313
4.165000 -2.0108299 -0.2383209 2.1364460 0.0077269 0.9943329 0.0650417 0.0837372
4.170000 -2.0087986 -0.2357360 2.1030433 0.0076230 0.9959626 0.0612272 0.0652041
4.235000 -2.0230529 -0.1871642 1.6027546 -0.0192172 0.9947463 0.0981185 0.0219861
4.240000 -2.0207548 -0.1781928 1.5631478 -0.0171773 0.9939287 0.1061072 0.0234959
4.250000 -2.0166452 -0.1572568 1.4779867 -0.0134214 0.9924709 0.1186434 0.0272965
4.255000 -2.0160437 -0.1472478 1.4317735 -0.0167604 0.9918482 0.1224774 0.0309116
4.310000 -2.0776017 -0.1158031 0.9692339 -0.0382913 0.9947804 0.0935359 -0.0140244
4.350000 -2.1454532 -0.0982846 0.6091383 -0.0317868 0.9948784 0.0958920 -0.0033691
4.395000 -2.1487236 -0.0507809 0.2056852 -0.0384630 0.9917880 0.1206395 0.0179787
4.415000 -2.1720278 -0.0474981 0.0333015 -0.0303390 0.9948106 0.0970998 0.0017251
4.430000 -2.1946788 -0.0238731 -0.0885599 -0.0330548 0.9955248 0.0884908 -0.0026664
4.505000 -2.2484539 0.0484138 -0.7074308 -0.0169347 0.9849268 0.1240958 0.1193013
4.545000 -2.1966133 0.0656090 -1.0095090 -0.0288664 0.9745305 0.1165814 0.1893830
4.580000 -2.1166778 0.1035362 -1.2716806 -0.0240783 0.9428866 0.1218812 0.3090793
4.595000 -2.0655482 0.1050761 -1.3576267 -0.0357033 0.9059169 0.1214872 0.4040802
4.600000 -2.0431345 0.1054535 -1.3851340 -0.0326098 0.8911976 0.1278079 0.4340145
4.610000 -1.9885862 0.1149440 -1.4314187 -0.0193598 0.8607728 0.1323172 0.4911084
4.615000 -1.9606934 0.1243578 -1.4517323 -0.0173045 0.8468067 0.1339795 0.5144594
4.630000 -1.8647143 0.1529528 -1.5043557 -0.0091731 0.8115987 0.1326007 0.5688941
4.645000 -1.7555145 0.1615691 -1.5464897 -0.0087878 0.7801539 0.1223760 0.6134385
4.655000 -1.6862395 0.1598754 -1.5691721 -0.0139061 0.7603922 0.1156787 0.6389279
4.735000 -1.1229156 0.1798876 -1.5941110 -0.0002524 0.5039528 0.1057770 0.8572297
4.780000 -0.8744854 0.1866319 -1.4086144 -0.0218708 0.3565607 0.0817572 0.9304310
4.805000 -0.7581617 0.1684771 -1.2913839 -0.0045900 0.2816690 0.0659439 0.9572319
4.815000 -0.7130445 0.1725674 -1.2361122 -0.0007846 0.2551404 0.0687566 0.9644560
4.830000 -0.6435519 0.1786097 -1.1497918 -0.0054895 0.2305899 0.0618807 0.9710659
4.840000 -0.5963175 0.1692644 -1.0866244 -0.0062847 0.2022831 0.0646005 0.9771739
4.845000 -0.5754513 0.1637588 -1.0539649 -0.0055449 0.1858710 0.0594312 0.9807595
4.850000 -0.5563262 0.1593957 -1.0215396 -0.0022501 0.1647852 0.0597256 0.9845170
4.855000 -0.5401973 0.1537799 -0.9864005 0.0008149 0.1441934 0.0663915 0.9873195
4.860000 -0.5265117 0.1486450 -0.9534695 -0.0021283 0.1239306 0.0678966 0.9899630
4.870000 -0.5050389 0.1430802 -0.8857247 -0.0072868 0.0938394 0.0691015 0.9931597
4.880000 -0.4852160 0.1446605 -0.8105252 -0.0082881 0.0716443 0.0727172 0.9947415
4.890000 -0.4685066 0.1484796 -0.7340267 -0.0089005 0.0630644 0.0691162 0.9955735
4.900000 -0.4566849 0.1438814 -0.6467217 -0.0080046 0.0517049 0.0692205 0.9962284
4.905000 -0.4476211 0.1352302 -0.6022041 -0.0036533 0.0474196 0.0736749 0.9961476
4.915000 -0.4331433 0.1201867 -0.5200636 -0.0019088 0.0503520 0.0708571 0.9962130
4.920000 -0.4239965 0.1112773 -0.4842979 0.0021195 0.0513522 0.0735651 0.9959652
4.925000 -0.4140694 0.1057216 -0.4460122 0.0076233 0.0526987 0.0742693 0.9958156
4.930000 -0.4055807 0.1007115 -0.4103706 0.0118377 0.0520379 0.0730882 0.9958966
4.935000 -0.3961507 0.0980247 -0.3758793 0.0141628 0.0504933 0.0719758 0.9960268
4.940000 -0.3885366 0.0971294 -0.3372503 0.0144573 0.0492066 0.0722502 0.9960670
4.945000 -0.3792320 0.0976439 -0.3006032 0.0134506 0.0490987 0.0719248 0.9961100
4.950000 -0.3697466 0.1000915 -0.2609755 0.0111139 0.0497013 0.0688069 0.9963292
4.955000 -0.3589012 0.1008788 -0.2234909 0.0094263 0.0500778 0.0665437 0.9964815
4.960000 -0.3473192 0.1001093 -0.1846752 0.0065410 0.0494972 0.0638700 0.9967085
4.965000 -0.3352042 0.0957166 -0.1460944 0.0030895 0.0459185 0.0585286 0.9972243
4.970000 -0.3227570 0.0890421 -0.1071996 0.0016141 0.0387969 0.0545825 0.9977539
4.975000 -0.3102670 0.0811432 -0.0721942 0.0026698 0.0347083 0.0496889 0.9981579
4.980000 -0.3020479 0.0731109 -0.0334228 0.0019071 0.0268842 0.0460705 0.9985746
4.985000 -0.2940416 0.0642472 0.0039226 0.0001105 0.0227695 0.0496076 0.9985092
4.990000 -0.2868259 0.0579281 0.0388356 -0.0047047 0.0207430 0.0510276 0.9984707
5.000000 -0.2742399 0.0518790 0.1143820 -0.0115303 0.0193652 0.0500900 0.9984904
5.005000 -0.2678589 0.0527225 0.1546201 -0.0117767 0.0164292 0.0525158 0.9984155
5.025000 -0.2484576 0.0550299 0.3176734 -0.0111703 0.0110655 0.0390512 0.9991135
5.030000 -0.2454985 0.0493213 0.3569600 -0.0101227 0.0141178 0.0328490 0.9993094
5.135000 -0.0867596 -0.0302779 1.1920854 -0.0204637 -0.0277849 0.0178623 0.9992448
5.295000 -0.1206316 -0.1419851 2.3206801 -0.0157835 -0.2877686 -0.0372740 0.9568442
5.300000 -0.1334019 -0.1453805 2.3456976 -0.0144790 -0.2989171 -0.0446763 0.9531227
5.400000 -0.5017017 -0.2018264 2.7200019 -0.0114346 -0.7637093 -0.0471539 0.6437343
5.450000 -0.7561041 -0.2079189 2.6528850 0.0207658 -0.8442988 -0.0765525 0.5299699
5.490000 -0.9822614 -0.2021508 2.5310085 -0.0247533 0.8889364 0.0755986 -0.4510701
5.510000 -1.1136192 -0.2075526 2.4547510 -0.0289111 0.9196422 0.0681565 -0.3857163
5.525000 -1.1926626 -0.2135565 2.3838043 -0.0272235 0.9457943 0.0664468 -0.3167284
5.530000 -1.2125541 -0.2145557 2.3595982 -0.0253299 0.9519643 0.0731921 -0.2962521
5.550000 -1.2888802 -0.1889352 2.2393832 -0.0177979 0.9687072 0.0847916 -0.2325941
5.555000 -1.3053026 -0.1808982 2.2053037 -0.0187420 0.9710155 0.0886094 -0.2211923
5.560000 -1.3205477 -0.1771044 2.1713164 -0.0217950 0.9728056 0.0922352 -0.2113454
5.565000 -1.3353839 -0.1742811 2.1361346 -0.0265387 0.9744943 0.0949426 -0.2015998
5.575000 -1.3660548 -0.1756635 2.0617721 -0.0301509 0.9790624 0.0948017 -0.1775959
5.585000 -1.3946035 -0.1830576 1.9966855 -0.0321409 0.9821218 0.0965453 -0.1583754
5.635000 -1.5657856 -0.1584021 1.6681370 -0.0534932 0.9922115 0.0842259 -0.0745706
5.650000 -1.6136651 -0.1595294 1.5656521 -0.0586337 0.9929330 0.0930775 -0.0445285
5.665000 -1.6470991 -0.1560604 1.4614284 -0.0532372 0.9931222 0.1027601 -0.0177333
5.690000 -1.6996628 -0.1216040 1.2711424 -0.0421832 0.9939094 0.1017798 -0.0023684
5.755000 -1.8193731 -0.0769701 0.7714680 -0.0327978 0.9970549 0.0661741 -0.0206614
5.840000 -1.9017566 -0.0301074 0.1157590 -0.0493184 0.9926250 0.1060193 0.0319868
5.850000 -1.9052641 -0.0262391 0.0394821 -0.0465324 0.9932739 0.1010619 0.0320663
5.870000 -1.9106135 -0.0173673 -0.1099701 -0.0442456 0.9939352 0.0895306 0.0460372
5.925000 -1.8914942 0.0261831 -0.5246883 -0.0458190 0.9777798 0.1012046 0.1777776
5.945000 -1.8356763 0.0568265 -0.6551133 -0.0370205 0.9672915 0.1043714 0.2282175
5.960000 -1.7723050 0.0749176 -0.7453446 -0.0414866 0.9587688 0.1080787 0.2595385
5.965000 -1.7492361 0.0753396 -0.7770157 -0.0424008 0.9544463 0.1046476 0.2761942
5.970000 -1.7212948 0.0795312 -0.8044470 -0.0490511 0.9488660 0.1017458 0.2947799
5.980000 -1.6758846 0.0813452 -0.8614030 -0.0407178 0.9374952 0.0972832 0.3316336
5.995000 -1.6095299 0.0859550 -0.9242182 -0.0371891 0.9054005 0.0859912 0.4140922
6.000000 -1.5852723 0.0887946 -0.9426517 -0.0346475 0.8927544 0.0849706 0.4410999
6.010000 -1.5326431 0.1016166 -0.9822861 -0.0284461 0.8696592 0.0871251 0.4850700
6.025000 -1.4463527 0.1208220 -1.0372257 -0.0255542 0.8390130 0.0884026 0.5362733
6.075000 -1.1277683 0.1397396 -1.1200461 -0.0053705 0.6514694 0.0907057 0.7532139
6.125000 -0.8224761 0.1351317 -0.9733425 -0.0086714 0.4872921 0.0776968 0.8697324
6.140000 -0.7486848 0.1367566 -0.9251959 -0.0045763 0.4147750 0.0691999 0.9072773
6.145000 -0.7235962 0.1384547 -0.9083580 -0.0007973 0.3951430 0.0694227 0.9159923
6.205000 -0.4266084 0.1169088 -0.6778503 -0.0163231 0.2005115 0.0431063 0.9786064
6.295000 -0.2444628 0.0842419 -0.3406835 -0.0107219 0.0997007 -0.0029136 0.9949554
6.355000 -0.1918052 0.0788561 -0.2892362 -0.0147980 0.0679214 -0.0062813 0.9975612
6.385000 -0.1765938 0.0789527 -0.2792174 -0.0107150 0.0607740 -0.0022571 0.9980915
